# oST version 5.0 parameters


[image]

width
1280

height
1024

[narrow_stereo]

camera matrix
965.192984 0.000000 632.493045
0.000000 968.044065 499.443793
0.000000 0.000000 1.000000

distortion
-0.325000 0.133860 -0.000680 0.002373 0.000000

rectification
1.000000 0.000000 0.000000
0.000000 1.000000 0.000000
0.000000 0.000000 1.000000

projection
822.765808 0.000000 635.625115 0.000000
0.000000 875.372803 495.938041 0.000000
0.000000 0.000000 1.000000 0.000000

