image_width: 1280
image_height: 1024
camera_name: narrow_stereo
camera_matrix:
  rows: 3
  cols: 3
  data: [965.192984, 0.000000, 632.493045, 0.000000, 968.044065, 499.443793, 0.000000, 0.000000, 1.000000]
distortion_model: plumb_bob
distortion_coefficients:
  rows: 1
  cols: 5
  data: [-0.325000, 0.133860, -0.000680, 0.002373, 0.000000]
rectification_matrix:
  rows: 3
  cols: 3
  data: [1.000000, 0.000000, 0.000000, 0.000000, 1.000000, 0.000000, 0.000000, 0.000000, 1.000000]
projection_matrix:
  rows: 3
  cols: 4
  data: [822.765808, 0.000000, 635.625115, 0.000000, 0.000000, 875.372803, 495.938041, 0.000000, 0.000000, 0.000000, 1.000000, 0.000000]
