# oST version 5.0 parameters


[image]

width
1280

height
720

[narrow_stereo/left]

camera matrix
699.530643 0.000000 668.997902
0.000000 702.778033 375.885635
0.000000 0.000000 1.000000

distortion
-0.170514 0.024422 0.000255 0.000103 0.000000

rectification
0.999940 0.000107 0.010919
-0.000123 0.999999 0.001533
-0.010919 -0.001535 0.999939

projection
687.999993 0.000000 679.493835 0.000000
0.000000 687.999993 386.858097 0.000000
0.000000 0.000000 1.000000 0.000000

# oST version 5.0 parameters


[image]

width
1280

height
720

[narrow_stereo/right]

camera matrix
695.176287 0.000000 679.626985
0.000000 697.477331 387.209773
0.000000 0.000000 1.000000

distortion
-0.168690 0.023998 0.000411 0.000550 0.000000

rectification
0.999935 -0.000547 0.011368
0.000564 0.999999 -0.001531
-0.011367 0.001537 0.999934

projection
687.999993 0.000000 679.493835 -82.530287
0.000000 687.999993 386.858097 0.000000
0.000000 0.000000 1.000000 0.000000

