0.999999940 0.000000000 -0.000000001 0.000000000 0.000000000 1.000000000 -0.000000002 0.000000000 -0.000000001 -0.000000002 0.999999940 0.000000000
0.999999940 -0.000152362 -0.000032320 0.000019122 0.000152362 1.000000000 -0.000012807 0.000044400 0.000032320 0.000012799 0.999999940 -0.000277284
0.999999881 0.000254554 0.000123272 -0.000057491 -0.000254556 0.999999940 0.000010996 0.000111464 -0.000123271 -0.000011031 0.999999940 0.000060889
0.999999940 0.000194279 0.000085951 -0.000074191 -0.000194287 1.000000000 0.000092527 0.000045140 -0.000085934 -0.000092548 0.999999940 -0.000102217
0.999869108 -0.007756763 -0.014193438 -0.002959069 0.007754487 0.999969900 -0.000215359 0.000451139 0.014194679 0.000105265 0.999899209 -0.000733956
0.999866664 -0.007899093 -0.014286540 -0.003002527 0.007896484 0.999968767 -0.000239089 0.000266154 0.014287981 0.000126240 0.999897838 -0.000829072
0.999868870 -0.007741796 -0.014218000 -0.002771038 0.007736958 0.999970019 -0.000395286 0.000719916 0.014220632 0.000285226 0.999898791 0.000043077
0.999870598 -0.007704867 -0.014117902 -0.003240300 0.007701707 0.999970317 -0.000278229 0.000465913 0.014119625 0.000169457 0.999900222 0.000029350
0.999869764 -0.007683882 -0.014188884 -0.002857055 0.007680898 0.999970496 -0.000264825 0.000611473 0.014190498 0.000155803 0.999899209 -0.000200305
0.999871433 -0.007471741 -0.014184617 -0.002862023 0.007469795 0.999972105 -0.000190210 0.000355043 0.014185640 0.000084226 0.999899328 -0.000669743
0.999869525 -0.007669649 -0.014213664 -0.002664630 0.007666447 0.999970555 -0.000279782 0.000525298 0.014215389 0.000170774 0.999898911 -0.000321276
0.999869049 -0.007832033 -0.014158714 -0.003006105 0.007828342 0.999969304 -0.000316176 0.000527613 0.014160754 0.000205292 0.999899626 -0.000273446
0.999870658 -0.007641918 -0.014147215 -0.002900523 0.007640199 0.999970794 -0.000175574 0.000353865 0.014148141 0.000067460 0.999899864 -0.000406325
0.999868453 -0.007763149 -0.014238263 -0.002755201 0.007759525 0.999969840 -0.000309787 0.000557535 0.014240237 0.000199261 0.999898553 -0.000606577
0.999869168 -0.007610814 -0.014268166 -0.002510267 0.007608246 0.999971032 -0.000234274 0.000570116 0.014269534 0.000125683 0.999898136 -0.000520157
0.999871016 -0.007664472 -0.014110496 -0.002997171 0.007661500 0.999970615 -0.000264654 0.000578588 0.014112108 0.000156509 0.999900341 -0.000684716
0.999872088 -0.007365583 -0.014192572 -0.002381541 0.007360259 0.999972820 -0.000427328 0.001171418 0.014195331 0.000322809 0.999899149 0.000261672
0.999872208 -0.007402919 -0.014164823 -0.002648445 0.007400023 0.999972582 -0.000256833 0.000599077 0.014166335 0.000151976 0.999899566 -0.000331806
0.999872088 -0.007597094 -0.014070275 -0.002909383 0.007594143 0.999971151 -0.000263198 0.000635215 0.014071867 0.000156308 0.999900937 -0.000187634
0.999868631 -0.007819438 -0.014191650 -0.002966868 0.007816431 0.999969423 -0.000267429 0.000514924 0.014193305 0.000156462 0.999899209 -0.000387388
0.999870002 -0.007661467 -0.014183193 -0.002820730 0.007659043 0.999970615 -0.000225265 0.000689414 0.014184500 0.000116602 0.999899328 -0.000874338
0.999871671 -0.007605554 -0.014094426 -0.003028211 0.007601749 0.999971032 -0.000323566 0.000899683 0.014096478 0.000216379 0.999900579 -0.000087122
0.999871194 -0.007633702 -0.014114238 -0.002957923 0.007628398 0.999970794 -0.000429606 0.000979690 0.014117104 0.000321878 0.999900222 -0.000025903
0.999871671 -0.007569365 -0.014114307 -0.003064066 0.007564954 0.999971330 -0.000365878 0.000901696 0.014116670 0.000259053 0.999900281 -0.000051312
0.999871671 -0.007626010 -0.014084261 -0.003090164 0.007624304 0.999970913 -0.000174837 0.000355158 0.014085183 0.000067428 0.999900758 -0.000222803
0.999869227 -0.007667253 -0.014232556 -0.002711945 0.007662921 0.999970555 -0.000358908 0.000692576 0.014234887 0.000249794 0.999898612 0.000025406
0.999868333 -0.007698903 -0.014280872 -0.002792259 0.007697272 0.999970376 -0.000169212 0.000224132 0.014281750 0.000059262 0.999897957 -0.000729816
0.999869585 -0.007626737 -0.014229868 -0.002682498 0.007625138 0.999970913 -0.000166649 0.000294489 0.014230723 0.000058119 0.999898672 -0.000735928
0.999868214 -0.007741856 -0.014266904 -0.002637069 0.007738777 0.999970019 -0.000271077 0.000352549 0.014268573 0.000160629 0.999898136 -0.000501055
0.999868870 -0.007741136 -0.014220506 -0.002958027 0.007739498 0.999970019 -0.000170194 0.000162195 0.014221395 0.000060108 0.999898791 -0.000754240
0.999868095 -0.007814780 -0.014232909 -0.002858566 0.007812352 0.999969482 -0.000226268 0.000317480 0.014234241 0.000115042 0.999898612 -0.000439869
0.999870837 -0.007718806 -0.014094928 -0.003061279 0.007715841 0.999970198 -0.000264719 0.000533416 0.014096550 0.000155927 0.999900579 -0.000586309
0.999870479 -0.007714903 -0.014121652 -0.003056969 0.007713074 0.999970257 -0.000183972 0.000290697 0.014122649 0.000075023 0.999900222 -0.000246751
0.999869883 -0.007605865 -0.014222686 -0.002700119 0.007602590 0.999971032 -0.000284364 0.000689798 0.014224435 0.000176194 0.999898732 -0.000595169
0.999870598 -0.007650932 -0.014145765 -0.002914998 0.007647100 0.999970734 -0.000324981 0.000492836 0.014147836 0.000216761 0.999899805 -0.000355019
0.999872863 -0.007476919 -0.014077858 -0.002917084 0.007472994 0.999972045 -0.000331423 0.000660516 0.014079941 0.000226173 0.999900758 0.000042128
0.999870420 -0.007575031 -0.014202090 -0.002815074 0.007573303 0.999971330 -0.000175498 0.000513296 0.014203010 0.000067915 0.999899089 -0.000597361
0.999870658 -0.007605808 -0.014166827 -0.002667577 0.007601624 0.999971032 -0.000349213 0.000671545 0.014169072 0.000241473 0.999899507 -0.000054180
0.999872029 -0.007546267 -0.014100600 -0.002967639 0.007543657 0.999971509 -0.000238318 0.000582714 0.014101995 0.000131913 0.999900520 -0.000401468
0.999869883 -0.007782318 -0.014125003 -0.003063471 0.007779759 0.999969721 -0.000236142 0.000491793 0.014126411 0.000126218 0.999900162 -0.000627016
0.999871075 -0.007650609 -0.014113813 -0.002803613 0.007647081 0.999970734 -0.000303965 0.000730160 0.014115723 0.000195992 0.999900281 -0.000024846
0.999865949 -0.007789887 -0.014398868 -0.002365609 0.007786509 0.999969661 -0.000290636 0.000668532 0.014400693 0.000178476 0.999896228 -0.000420157
0.999869227 -0.007859265 -0.014130434 -0.002985881 0.007854898 0.999969065 -0.000364577 0.000764460 0.014132861 0.000253533 0.999900043 -0.000189085
0.999868214 -0.007739105 -0.014265812 -0.002627285 0.007736820 0.999970019 -0.000215371 0.000462642 0.014267050 0.000104967 0.999898136 -0.000907239
0.999870658 -0.007435319 -0.014256622 -0.002311253 0.007431843 0.999972343 -0.000296854 0.000711118 0.014258432 0.000190859 0.999898255 -0.000036646
0.999871135 -0.007616591 -0.014127558 -0.002934924 0.007612957 0.999970973 -0.000311041 0.000563040 0.014129515 0.000203445 0.999900103 -0.000293859
0.999869943 -0.007696625 -0.014167791 -0.002751465 0.007693935 0.999970376 -0.000244388 0.000653672 0.014169251 0.000135346 0.999899566 -0.000514715
0.999869585 -0.007298382 -0.014402602 -0.001814748 0.007292856 0.999973297 -0.000436207 0.001112228 0.014405400 0.000331110 0.999896109 -0.000359321
0.999868751 -0.007722038 -0.014237768 -0.002647242 0.007718629 0.999970138 -0.000294376 0.000636152 0.014239614 0.000184438 0.999898553 -0.000583914
0.999868274 -0.007796469 -0.014231871 -0.002695832 0.007793996 0.999969602 -0.000229216 0.000458616 0.014233223 0.000118259 0.999898612 -0.000540816
0.999867916 -0.007957056 -0.014167133 -0.003009153 0.007956595 0.999968350 -0.000089016 -0.000169008 0.014167391 -0.000023722 0.999899566 -0.000575592
0.999871552 -0.007608860 -0.014101212 -0.002926479 0.007604982 0.999971032 -0.000328661 0.000543678 0.014103303 0.000221376 0.999900460 -0.000087141
0.999872565 -0.007476748 -0.014101854 -0.002975684 0.007472175 0.999971986 -0.000377000 0.000839843 0.014104276 0.000271577 0.999900460 -0.000080290
0.999868393 -0.007781090 -0.014232125 -0.002899262 0.007779026 0.999969721 -0.000200357 0.000490061 0.014233251 0.000089615 0.999898612 -0.000882346
0.999870181 -0.007758100 -0.014119599 -0.002910375 0.007757202 0.999969900 -0.000118412 0.000267560 0.014120092 0.000008865 0.999900222 -0.000586253
0.999871373 -0.007518962 -0.014161524 -0.002699103 0.007515538 0.999971688 -0.000295015 0.000606971 0.014163340 0.000188542 0.999899626 -0.000365893
0.999871194 -0.007621796 -0.014120890 -0.003022956 0.007618047 0.999970913 -0.000319337 0.000732401 0.014122911 0.000211719 0.999900162 -0.000110224
0.999867260 -0.007913600 -0.014239429 -0.003079008 0.007912214 0.999968708 -0.000153727 0.000293732 0.014240198 0.000041038 0.999898553 -0.001080903
0.999866426 -0.007926873 -0.014289609 -0.002751842 0.007925901 0.999968588 -0.000124773 0.000103784 0.014290147 0.000011495 0.999897838 -0.000709256
0.999872625 -0.007409863 -0.014131332 -0.002954569 0.007406734 0.999972522 -0.000273761 0.000696216 0.014132970 0.000169055 0.999900043 -0.000499734
0.999868929 -0.007798254 -0.014182765 -0.002940793 0.007797454 0.999969602 -0.000111705 0.000048064 0.014183203 0.000001097 0.999899328 -0.000656124
0.999871790 -0.007605126 -0.014086641 -0.003138724 0.007603712 0.999971092 -0.000153978 0.000247424 0.014087403 0.000046844 0.999900699 -0.000415068
0.999872029 -0.007559592 -0.014094402 -0.003092363 0.007555724 0.999971390 -0.000327718 0.000702249 0.014096474 0.000221179 0.999900579 0.000065089
0.999870062 -0.007765764 -0.014123652 -0.002800864 0.007761218 0.999969840 -0.000376667 0.000877851 0.014126149 0.000266997 0.999900103 -0.000257875
0.999872088 -0.007461702 -0.014140944 -0.002833084 0.007458351 0.999972165 -0.000289767 0.000508954 0.014142711 0.000184258 0.999899924 -0.000466703
0.999870181 -0.007711588 -0.014144078 -0.002985109 0.007709766 0.999970257 -0.000183432 0.000395103 0.014145070 0.000074357 0.999899864 -0.000425141
0.999869525 -0.007542821 -0.014280789 -0.002617755 0.007537730 0.999971509 -0.000410317 0.000813622 0.014283475 0.000302615 0.999897897 -0.000650182
0.999871731 -0.007501414 -0.014144730 -0.002753627 0.007497991 0.999971867 -0.000294986 0.000704035 0.014146542 0.000188887 0.999899864 -0.000509829
0.999871790 -0.007628855 -0.014075868 -0.002830953 0.007626950 0.999970913 -0.000189035 0.000580261 0.014076899 0.000081651 0.999900877 -0.000350067
0.999870539 -0.007648519 -0.014153071 -0.002830984 0.007644685 0.999970734 -0.000325037 0.000792066 0.014155141 0.000216795 0.999899745 -0.000360569
0.999873400 -0.007466623 -0.014047551 -0.003158857 0.007465040 0.999972105 -0.000165135 0.000583089 0.014048390 0.000060245 0.999901235 -0.000173989
0.999872327 -0.007462092 -0.014124760 -0.002997729 0.007460668 0.999972165 -0.000153574 0.000596990 0.014125512 0.000048170 0.999900162 -0.000848656
0.999870777 -0.007511158 -0.014209444 -0.002428800 0.007505345 0.999971747 -0.000462412 0.001031901 0.014212513 0.000355701 0.999898851 0.000167541
0.999869287 -0.007900459 -0.014103814 -0.003134155 0.007899589 0.999968767 -0.000117448 0.000227018 0.014104300 0.000006015 0.999900460 -0.000599762
0.999869287 -0.007904291 -0.014100042 -0.003130513 0.007903205 0.999968767 -0.000132822 0.000426493 0.014100649 0.000021365 0.999900520 -0.000811879
0.999871552 -0.007590762 -0.014109819 -0.003102399 0.007587144 0.999971151 -0.000309976 0.000581365 0.014111764 0.000202879 0.999900341 -0.000213229
0.999867678 -0.007911853 -0.014208928 -0.002910357 0.007910712 0.999968708 -0.000136562 0.000126442 0.014209561 0.000024137 0.999898970 -0.000967846
0.999869704 -0.007702691 -0.014181364 -0.002789127 0.007701304 0.999970317 -0.000152386 0.000152448 0.014182116 0.000043147 0.999899387 -0.000735926
0.999870360 -0.007620643 -0.014181940 -0.002762069 0.007617943 0.999970973 -0.000244491 0.000652368 0.014183390 0.000136418 0.999899328 -0.000609253
0.999870002 -0.007592682 -0.014220833 -0.002743814 0.007588384 0.999971151 -0.000356175 0.000842561 0.014223125 0.000248212 0.999898732 -0.000355147
0.999871194 -0.007652338 -0.014105409 -0.002946789 0.007648249 0.999970675 -0.000343872 0.000795048 0.014107626 0.000235942 0.999900401 -0.000198929
0.999870718 -0.007639025 -0.014143713 -0.002560466 0.007634858 0.999970794 -0.000348677 0.000826878 0.014145961 0.000240643 0.999899864 -0.000050309
0.999871850 -0.007572565 -0.014101919 -0.002948973 0.007569849 0.999971330 -0.000246060 0.000482496 0.014103375 0.000139276 0.999900460 -0.000481951
0.999871910 -0.007534397 -0.014118219 -0.002765982 0.007530922 0.999971569 -0.000299321 0.000591824 0.014120071 0.000192956 0.999900222 0.000048777
0.999869406 -0.007721697 -0.014191016 -0.002929027 0.007719501 0.999970198 -0.000209537 0.000338693 0.014192209 0.000099959 0.999899209 -0.000439363
0.999869168 -0.007677234 -0.014231784 -0.002871313 0.007675115 0.999970496 -0.000203532 0.000492190 0.014232925 0.000094271 0.999898672 -0.000444327
0.999872744 -0.007517191 -0.014067025 -0.003019204 0.007514085 0.999971747 -0.000273652 0.000644318 0.014068682 0.000167912 0.999900937 -0.000637057
0.999868870 -0.007743908 -0.014218342 -0.002815075 0.007741651 0.999970019 -0.000213791 0.000480407 0.014219570 0.000103686 0.999898851 -0.000751481
0.999869287 -0.007706016 -0.014208062 -0.002630838 0.007702721 0.999970317 -0.000286663 0.000602083 0.014209847 0.000177182 0.999898970 -0.000608055
0.999869525 -0.007779850 -0.014153002 -0.002732038 0.007777463 0.999969721 -0.000223716 0.000411451 0.014154312 0.000113609 0.999899745 -0.000216482
0.999868989 -0.007833816 -0.014159204 -0.002872492 0.007830326 0.999969304 -0.000301937 0.000614061 0.014161132 0.000191022 0.999899626 -0.000200352
0.999869764 -0.007643833 -0.014210680 -0.002705319 0.007640019 0.999970734 -0.000322744 0.000829838 0.014212729 0.000214128 0.999898911 -0.000634861
0.999869227 -0.007800967 -0.014160220 -0.002959601 0.007799820 0.999969542 -0.000136194 0.000149221 0.014160850 0.000025725 0.999899685 -0.000684314
0.999870539 -0.007591382 -0.014182841 -0.002689097 0.007590135 0.999971211 -0.000141811 0.000459187 0.014183508 0.000034139 0.999899328 -0.000252509
0.999870658 -0.007570753 -0.014187298 -0.002929914 0.007567581 0.999971330 -0.000277264 0.000630929 0.014188988 0.000169861 0.999899268 -0.000329077
0.999870002 -0.007645379 -0.014192872 -0.002581511 0.007642714 0.999970794 -0.000242036 0.000488097 0.014194305 0.000133528 0.999899209 -0.000325938
0.999866664 -0.007909413 -0.014283130 -0.002640550 0.007907757 0.999968708 -0.000172507 0.000316949 0.014284045 0.000059533 0.999897897 -0.000986802
0.999869287 -0.007717832 -0.014204420 -0.002583902 0.007713037 0.999970198 -0.000392377 0.000839732 0.014207023 0.000282763 0.999898970 -0.000318268
0.999873996 -0.007356571 -0.014061659 -0.002833342 0.007354070 0.999972939 -0.000229620 0.000713518 0.014062965 0.000126177 0.999901056 -0.000184706
0.999869466 -0.007693973 -0.014202551 -0.002885798 0.007691493 0.999970376 -0.000229318 0.000406478 0.014203893 0.000120046 0.999899030 -0.000312937
0.999871075 -0.007661919 -0.014108043 -0.003020560 0.007657976 0.999970615 -0.000333549 0.000648889 0.014110182 0.000225464 0.999900341 -0.000393633
0.999869287 -0.007754365 -0.014182090 -0.002931458 0.007753091 0.999969959 -0.000144769 0.000234602 0.014182785 0.000034791 0.999899387 -0.000536235
0.999871314 -0.007502429 -0.014174829 -0.002660281 0.007499327 0.999971867 -0.000271990 0.000562164 0.014176468 0.000165649 0.999899447 -0.000706916
0.999868572 -0.007794236 -0.014210272 -0.002696003 0.007791545 0.999969602 -0.000244815 0.000372908 0.014211746 0.000134059 0.999898911 -0.000761888
0.999871731 -0.007598653 -0.014096761 -0.003136518 0.007596006 0.999971092 -0.000241331 0.000483882 0.014098186 0.000134217 0.999900520 -0.000335716
0.999868035 -0.007782635 -0.014257177 -0.002673803 0.007778559 0.999969661 -0.000341312 0.000624919 0.014259399 0.000230363 0.999898255 -0.000543380
0.999870181 -0.007585069 -0.014212861 -0.002881611 0.007583653 0.999971211 -0.000153572 0.000255059 0.014213615 0.000045763 0.999898911 -0.000895471
0.999994934 -0.002009287 0.002444837 0.001267806 0.002011802 0.999997437 -0.001026752 0.000648476 -0.002442770 0.001031662 0.999996424 0.001525725
0.999963582 -0.005841343 -0.006211990 0.000617539 0.005840963 0.999982893 -0.000079362 0.001289606 0.006212346 0.000043072 0.999980628 0.001221052
0.999898136 -0.006349301 -0.012776203 0.001809971 0.006337516 0.999979436 -0.000962729 0.001684626 0.012782054 0.000881659 0.999917924 0.000351960
0.999642432 -0.011186494 -0.024286032 0.000112307 0.011133764 0.999935329 -0.002305358 0.001465062 0.024310250 0.002034136 0.999702334 -0.000435685
0.999911129 -0.004777727 -0.012441376 0.001449010 0.004776044 0.999988556 -0.000164975 0.000767489 0.012442021 0.000105536 0.999922514 0.005207550
0.999901593 -0.006218838 -0.012569297 0.001208395 0.006217235 0.999980688 -0.000166640 0.000496691 0.012570089 0.000088473 0.999920905 0.004068029
0.999907017 -0.005206278 -0.012598227 0.001711854 0.005202785 0.999986410 -0.000310021 0.000903223 0.012599668 0.000244443 0.999920547 0.004617514
0.999905348 -0.005692313 -0.012522193 0.001178257 0.005690359 0.999983788 -0.000191728 0.000551603 0.012523079 0.000120451 0.999921501 0.004749039
0.999906242 -0.005538126 -0.012520579 0.001232031 0.005534678 0.999984622 -0.000310097 0.000731647 0.012522102 0.000240767 0.999921501 0.004888784
0.999906182 -0.005360516 -0.012598164 0.001901801 0.005355397 0.999985576 -0.000440079 0.001202237 0.012600340 0.000372566 0.999920487 0.005944184
0.999906063 -0.005658804 -0.012479007 0.000984027 0.005657781 0.999983966 -0.000117297 0.000368885 0.012479469 0.000046679 0.999922097 0.004420451
0.999904335 -0.005654430 -0.012620338 0.001372433 0.005652877 0.999984026 -0.000158857 0.000496642 0.012621033 0.000087497 0.999920309 0.004690868
0.999910116 -0.005267131 -0.012324216 0.001078412 0.005263637 0.999986112 -0.000315906 0.000930724 0.012325707 0.000251003 0.999923944 0.004975971
0.999909699 -0.005127853 -0.012418549 0.001592958 0.005122583 0.999986768 -0.000456165 0.001482484 0.012420721 0.000392505 0.999922752 0.005978283
0.999907911 -0.005313012 -0.012484178 0.001372406 0.005311741 0.999985874 -0.000134957 0.000621392 0.012484717 0.000068628 0.999921978 0.005098559
0.999907792 -0.005359797 -0.012474059 0.001543447 0.005355958 0.999985576 -0.000341176 0.001006654 0.012475706 0.000274330 0.999922097 0.005366847
0.999907076 -0.005525692 -0.012459398 0.001138115 0.005521923 0.999984682 -0.000336959 0.000900576 0.012461067 0.000268124 0.999922276 0.005205000
0.999906898 -0.005264405 -0.012584231 0.001540996 0.005261293 0.999986112 -0.000280411 0.000922578 0.012585531 0.000214172 0.999920726 0.004846080
0.999907494 -0.005430611 -0.012465719 0.001373899 0.005428254 0.999985218 -0.000222960 0.000664310 0.012466744 0.000155269 0.999922216 0.004653267
0.999907613 -0.005208714 -0.012550679 0.001602121 0.005204828 0.999986410 -0.000342347 0.001007481 0.012552289 0.000276987 0.999921143 0.005434168
0.999908388 -0.005349710 -0.012427589 0.001236372 0.005346786 0.999985695 -0.000268522 0.000817337 0.012428845 0.000202046 0.999922693 0.004988006
0.999905944 -0.005471763 -0.012569448 0.001783458 0.005467498 0.999984980 -0.000373685 0.000755679 0.012571302 0.000304922 0.999920845 0.005508488
0.999909163 -0.005200684 -0.012431238 0.001545258 0.005197665 0.999986470 -0.000275200 0.001100877 0.012432499 0.000210558 0.999922633 0.005136830
0.999907792 -0.005337589 -0.012483132 0.001649674 0.005332166 0.999985695 -0.000467711 0.001163727 0.012485447 0.000401102 0.999921918 0.005810440
0.999907732 -0.005250819 -0.012524103 0.001820248 0.005246724 0.999986172 -0.000359793 0.001288732 0.012525816 0.000294046 0.999921441 0.005679742
0.999903977 -0.005275766 -0.012811107 0.002733462 0.005255176 0.999984860 -0.001640374 0.000952177 0.012819565 0.001572888 0.999916553 0.009480718
0.999841452 -0.007692710 -0.016048592 0.002627262 0.007641621 0.999965549 -0.003242246 0.000967209 0.016072979 0.003119092 0.999865949 0.019523880
0.999870002 -0.004853117 -0.015373888 0.002794108 0.004835444 0.999987602 -0.001186528 -0.000251095 0.015379455 0.001112030 0.999881029 0.046110310
0.999859452 -0.005423223 -0.015861470 0.002609703 0.005419728 0.999985278 -0.000263321 -0.000906319 0.015862662 0.000177316 0.999874115 0.059349008
0.999858081 -0.005319716 -0.015981592 0.003324591 0.005312060 0.999985754 -0.000521470 -0.000401460 0.015984137 0.000436497 0.999872088 0.061001748
0.999799073 -0.008375250 -0.018208072 0.001977961 0.008320277 0.999960601 -0.003092817 0.000674570 0.018233258 0.002940696 0.999829412 0.051934771
0.999846578 -0.006039028 -0.016438045 0.002989948 0.006002078 0.999979377 -0.002296282 -0.000945559 0.016451571 0.002197263 0.999862194 0.075683169
0.999828637 -0.008112326 -0.016637212 -0.000837525 0.008100878 0.999966919 -0.000755385 -0.002664267 0.016642790 0.000620481 0.999861300 0.129303843
0.999853432 -0.006991353 -0.015624485 -0.000516643 0.006982851 0.999975502 -0.000598527 -0.003367002 0.015628286 0.000489337 0.999877751 0.170949444
0.999858379 -0.005976046 -0.015726507 0.000559084 0.005972179 0.999982178 -0.000292710 -0.004437878 0.015727974 0.000198748 0.999876261 0.223954380
0.999862134 -0.005078221 -0.015805647 0.000115070 0.005072888 0.999987125 -0.000377398 -0.005371259 0.015807360 0.000297168 0.999875009 0.265887856
0.999793231 -0.005589253 -0.019546634 0.000941831 0.005557668 0.999983251 -0.001669765 -0.007355758 0.019555632 0.001560785 0.999807537 0.333760470
0.999737382 -0.005521296 -0.022240708 0.001647208 0.005452021 0.999979973 -0.003174211 -0.008678817 0.022257790 0.003052120 0.999747574 0.378190488
0.999709487 -0.006090844 -0.023317898 0.001641153 0.006011136 0.999975801 -0.003486819 -0.010231688 0.023338573 0.003345639 0.999721944 0.427945852
0.999766350 -0.005451342 -0.020917406 0.002300139 0.005373303 0.999978423 -0.003785175 -0.011207718 0.020937584 0.003671894 0.999773979 0.466312110
0.999835968 -0.004068707 -0.017650081 0.002025630 0.004004562 0.999985218 -0.003668094 -0.012252748 0.017664745 0.003596811 0.999837458 0.506349921
0.999853492 -0.003534539 -0.016745988 0.004459573 0.003478283 0.999988198 -0.003387250 -0.011935288 0.016757764 0.003328506 0.999853909 0.537034810
0.999872148 -0.002886940 -0.015728908 0.000567119 0.002836373 0.999990702 -0.003236166 -0.012572981 0.015738104 0.003191138 0.999870956 0.541515648
0.999862492 -0.003362533 -0.016232628 0.002592391 0.003307892 0.999988735 -0.003391776 -0.011951963 0.016243851 0.003337614 0.999862432 0.540564358
0.999867380 -0.003257632 -0.015958399 0.001732003 0.003201232 0.999988496 -0.003558448 -0.011669065 0.015969807 0.003506889 0.999866307 0.537948787
0.999866426 -0.004256571 -0.015780792 0.001577166 0.004182449 0.999979973 -0.004726935 -0.012185670 0.015800599 0.004660301 0.999864161 0.539467692
0.999874651 -0.003517314 -0.015433637 0.002141772 0.003443188 0.999982357 -0.004826770 -0.013316107 0.015450345 0.004773024 0.999869168 0.553608418
0.999871135 -0.003597114 -0.015643828 0.002706815 0.003532090 0.999984920 -0.004182147 -0.012871338 0.015658638 0.004126352 0.999868810 0.582433701
0.999831736 -0.003392887 -0.018026287 0.001855127 0.003339794 0.999989927 -0.002974580 -0.014829687 0.018036200 0.002913874 0.999833107 0.621793032
0.999746442 -0.003970081 -0.022161026 0.002709144 0.003918152 0.999989510 -0.002386155 -0.015854176 0.022170268 0.002298718 0.999751568 0.678083241
0.999723196 -0.005864396 -0.022784481 0.004044989 0.005874081 0.999982715 0.000358151 -0.016945725 0.022781985 -0.000491891 0.999740362 0.740879953
0.999840379 -0.003285375 -0.017567107 0.003653724 0.003318354 0.999992907 0.001848480 -0.018628819 0.017560907 -0.001906479 0.999844015 0.811015427
0.999882877 -0.002789870 -0.015047297 0.004980200 0.002797861 0.999996006 0.000510123 -0.018663710 0.015045812 -0.000552164 0.999886692 0.840885222
0.999906838 -0.002720383 -0.013368916 0.007434544 0.002733275 0.999995828 0.000946195 -0.018390302 0.013366285 -0.000982649 0.999910176 0.869667172
0.999918401 -0.002991987 -0.012416084 0.006003527 0.003000133 0.999995351 0.000637564 -0.019844553 0.012414121 -0.000674763 0.999922693 0.913433731
0.999888897 -0.003212263 -0.014557822 0.006956481 0.003197330 0.999994457 -0.001048961 -0.021151580 0.014561109 0.001002297 0.999893486 0.961324453
0.999846458 -0.004323464 -0.016979244 0.008195601 0.004283835 0.999988079 -0.002369644 -0.022802116 0.016989287 0.002296543 0.999853134 1.021412373
0.999855995 -0.006061595 -0.015854411 0.009917758 0.006023095 0.999978900 -0.002475007 -0.022292221 0.015869077 0.002379157 0.999871314 1.086412191
0.999798894 -0.005536070 -0.019276232 0.005999161 0.005501393 0.999983132 -0.001851495 -0.024393005 0.019286156 0.001745077 0.999812424 1.128325582
0.999661028 -0.005867245 -0.025368899 0.004498098 0.005828673 0.999981761 -0.001594182 -0.025513735 0.025377788 0.001445775 0.999676764 1.159114838
0.999575973 -0.006037164 -0.028486606 0.003237776 0.005979400 0.999979973 -0.002112493 -0.025020096 0.028498787 0.001941264 0.999591827 1.170884848
0.999560237 -0.006075189 -0.029024839 0.003400184 0.006023517 0.999980152 -0.001867358 -0.025189355 0.029035605 0.001691705 0.999576807 1.172811031
0.999580204 -0.005542548 -0.028441262 0.003992915 0.005484343 0.999982715 -0.002124139 -0.025411434 0.028452545 0.001967265 0.999593079 1.170001388
0.999586701 -0.005395733 -0.028240494 0.003306944 0.005339520 0.999983668 -0.002065559 -0.025686417 0.028251177 0.001913914 0.999598920 1.170160532
0.999584079 -0.005643078 -0.028283510 0.003480345 0.005586859 0.999982297 -0.002066352 -0.025098128 0.028294664 0.001907477 0.999597728 1.170090318
0.999597073 -0.005574769 -0.027834147 0.003321659 0.005516027 0.999982417 -0.002186786 -0.024917781 0.027845852 0.002032371 0.999610007 1.170277715
0.999594033 -0.005768535 -0.027903711 0.003766302 0.005713133 0.999981642 -0.002064786 -0.025082715 0.027915107 0.001904530 0.999608338 1.169804096
0.999610603 -0.005210445 -0.027412418 0.003471442 0.005160442 0.999984920 -0.001894524 -0.025387343 0.027421873 0.001752326 0.999622285 1.169668078
0.999610186 -0.005249629 -0.027421791 0.003740110 0.005197634 0.999984622 -0.001967041 -0.025210753 0.027431693 0.001823745 0.999621928 1.169521332
0.999605358 -0.005441553 -0.027560914 0.003807902 0.005391834 0.999983788 -0.001878003 -0.025405120 0.027570684 0.001728658 0.999618232 1.169279695
0.999606788 -0.005134417 -0.027565572 0.003732935 0.005078278 0.999984860 -0.002106166 -0.025275864 0.027575972 0.001965352 0.999617696 1.170177698
0.999608099 -0.005331283 -0.027480938 0.003298234 0.005274603 0.999983847 -0.002134583 -0.024930498 0.027491875 0.001988795 0.999619901 1.170970917
0.999607682 -0.005233360 -0.027516332 0.004010335 0.005177190 0.999984443 -0.002112155 -0.025092471 0.027526956 0.001968869 0.999619007 1.169685364
0.999605536 -0.005296692 -0.027582625 0.003881477 0.005241242 0.999984145 -0.002082231 -0.025248760 0.027593214 0.001936842 0.999617279 1.169765115
0.999610007 -0.005085084 -0.027458344 0.003680792 0.005030375 0.999985278 -0.002061145 -0.025026556 0.027468417 0.001922215 0.999620736 1.169280410
0.999610364 -0.005127110 -0.027439974 0.003435459 0.005035590 0.999981523 -0.003403286 -0.026164992 0.027456915 0.003263783 0.999617577 1.177367210
0.999515235 -0.005745351 -0.030598419 0.002473444 0.005639242 0.999977827 -0.003553001 -0.026458839 0.030618154 0.003378727 0.999525368 1.199714661
0.999357700 -0.005611503 -0.035394564 0.001031637 0.005473133 0.999977112 -0.004005058 -0.027367782 0.035416223 0.003808766 0.999365330 1.231736779
0.999116182 -0.004692711 -0.041772410 -0.000536341 0.004531671 0.999981940 -0.003949025 -0.028633803 0.041790184 0.003756236 0.999119282 1.279890537
0.998962879 -0.006178820 -0.045112189 -0.002345454 0.006073130 0.999978542 -0.002479514 -0.029656652 0.045126535 0.002202970 0.998978674 1.335957289
0.998980165 -0.005040260 -0.044869788 -0.003696404 0.005009673 0.999987185 -0.000794099 -0.031522769 0.044873215 0.000568506 0.998992383 1.401826262
0.998995960 -0.004478516 -0.044577129 -0.004860710 0.004540304 0.999988914 0.001284957 -0.033405684 0.044570874 -0.001486060 0.999005079 1.463655829
0.998714447 -0.005880216 -0.050349392 -0.006462172 0.005999888 0.999979556 0.002225997 -0.033052444 0.050335273 -0.002525225 0.998729169 1.535642862
0.998355925 -0.005174959 -0.057084486 -0.007578626 0.005439352 0.999975264 0.004477205 -0.037077382 0.057059892 -0.004780346 0.998359263 1.605401754
0.998309910 -0.006603325 -0.057738110 -0.010353021 0.006871419 0.999966443 0.004445956 -0.035145547 0.057706829 -0.004835185 0.998321772 1.666103601
0.998777092 -0.003173973 -0.049337141 -0.010439172 0.003413264 0.999982834 0.004766628 -0.036139175 0.049321167 -0.004929198 0.998770773 1.735010147
0.999259889 -0.004240475 -0.038229804 -0.007397912 0.004471067 0.999972343 0.005948289 -0.037237134 0.038203523 -0.006114814 0.999251127 1.804871559
0.999332547 -0.005040629 -0.036181398 -0.006915227 0.005242837 0.999971151 0.005496044 -0.037644614 0.036152653 -0.005682068 0.999330044 1.863692045
0.999382257 -0.005903207 -0.034646042 -0.004454497 0.006099974 0.999965787 0.005576395 -0.038609028 0.034611944 -0.005784290 0.999384105 1.905830622
0.999460816 -0.006769158 -0.032128606 -0.004679836 0.006917746 0.999965906 0.004515907 -0.039149970 0.032096945 -0.004735728 0.999473512 1.928202629
0.999557078 -0.007001093 -0.028924197 -0.002588086 0.007097709 0.999969542 0.003239051 -0.039832737 0.028900644 -0.003442911 0.999576330 1.952466846
0.999779582 0.001080393 -0.020965043 -0.003836770 -0.001136002 0.999995887 -0.002640697 -0.042401243 0.020962108 0.002663932 0.999776602 1.984668612
0.999733388 0.008843010 -0.021328747 -0.006574482 -0.009485762 0.999498129 -0.030224828 -0.050340105 0.021050774 0.030419085 0.999315500 2.003818989
0.999735594 0.007127616 -0.021858927 -0.003950097 -0.008029328 0.999108613 -0.041444957 -0.052522928 0.021544039 0.041609515 0.998901606 2.009087801
0.999733150 0.005883260 -0.022341400 -0.003865719 -0.006969312 0.998781860 -0.048849136 -0.054365341 0.022026796 0.048991799 0.998556256 2.013497353
0.999759614 0.003564461 -0.021633156 -0.005763687 -0.004762965 0.998441517 -0.055605154 -0.057024088 0.021401234 0.055694830 0.998218417 2.022152901
0.999782443 -0.002201696 -0.020743441 -0.002715386 0.000874995 0.997965455 -0.063750856 -0.059932277 0.020841599 0.063718833 0.997750223 2.040421009
0.999810398 -0.012385235 -0.015030991 0.016608015 0.011993175 0.999592602 -0.025899142 -0.046350140 0.015345640 0.025713958 0.999551535 2.084098816
0.999922216 -0.011025422 -0.005808384 -0.009109193 0.010902870 0.999725640 -0.020725001 -0.045716971 0.006035292 0.020660061 0.999768317 2.163010597
0.999910772 -0.012682222 -0.004179792 -0.005862417 0.012615502 0.999798357 -0.015619923 -0.047576770 0.004377044 0.015565801 0.999869227 2.216696262
0.999887049 -0.014925113 -0.001693970 -0.004481535 0.014920849 0.999885440 -0.002502125 -0.046258401 0.001731117 0.002476566 0.999995410 2.251353264
0.999883056 -0.015268353 -0.000799715 -0.003515261 0.015272480 0.999868512 0.005432824 -0.044320107 0.000716659 -0.005444404 0.999984860 2.262228012
0.999884546 -0.015167415 -0.000844036 -0.003637239 0.015172025 0.999868333 0.005748769 -0.044863675 0.000756726 -0.005760914 0.999983072 2.262105942
0.999878287 -0.015568696 -0.000854998 -0.003515708 0.015573184 0.999863446 0.005520727 -0.044387266 0.000768928 -0.005533369 0.999984324 2.262043238
0.999880970 -0.015396868 -0.000870329 -0.003453734 0.015401281 0.999867260 0.005316051 -0.044080921 0.000788360 -0.005328827 0.999985456 2.262310982
0.999882162 -0.015311685 -0.000976731 -0.003203978 0.015316970 0.999866664 0.005653301 -0.044637896 0.000890038 -0.005667595 0.999983430 2.261909485
0.999884784 -0.015145238 -0.000905654 -0.003377963 0.015150242 0.999868333 0.005802387 -0.044660099 0.000817655 -0.005815443 0.999982715 2.262047768
0.999880433 -0.015428247 -0.000912592 -0.003268335 0.015433007 0.999865949 0.005459525 -0.043920618 0.000828239 -0.005472954 0.999984622 2.261787415
0.999882638 -0.015291162 -0.000846745 -0.003288609 0.015295828 0.999866009 0.005811870 -0.044429667 0.000757759 -0.005824141 0.999982655 2.261778831
0.999881506 -0.015330868 -0.001323601 -0.003474558 0.015338335 0.999865353 0.005826984 -0.043962032 0.001234089 -0.005846599 0.999982059 2.262293100
0.999883294 -0.015232912 -0.001065694 -0.003322411 0.015238959 0.999866247 0.005915962 -0.044087876 0.000975432 -0.005931513 0.999981880 2.261938334
0.999901235 -0.014032705 -0.000638122 -0.003396451 0.014036802 0.999877274 0.006950960 -0.044069618 0.000540498 -0.006959232 0.999975622 2.262783289
0.999930501 -0.011757271 -0.000779023 -0.004028869 0.011765245 0.999868214 0.011174429 -0.043540746 0.000647537 -0.011182824 0.999937236 2.267288685
0.999936402 -0.011220931 -0.001081735 -0.003785470 0.011235030 0.999837995 0.014055297 -0.042426240 0.000923846 -0.014066564 0.999900579 2.271702290
0.999934971 -0.011350637 -0.001028003 -0.003802772 0.011364198 0.999832928 0.014316052 -0.043072887 0.000865333 -0.014326807 0.999896944 2.270548344
0.999937475 -0.011117339 -0.001052835 -0.003641366 0.011131651 0.999829471 0.014731746 -0.042421691 0.000888876 -0.014742544 0.999890864 2.271250248
0.999938428 -0.011043385 0.000973796 -0.003267918 0.011030673 0.999864519 0.012213387 -0.043645516 -0.001108542 -0.012201894 0.999924898 2.277665615
0.999946654 -0.009980182 0.002623532 -0.002042491 0.009946768 0.999872863 0.012456855 -0.043707401 -0.002747522 -0.012430100 0.999918938 2.298904181
0.999894440 0.001522379 0.014443857 0.000029266 -0.001822462 0.999782205 0.020785235 -0.041922297 -0.014409071 -0.020809369 0.999679565 2.324806452
0.999832451 0.006438487 0.017128637 -0.007308569 -0.006897847 0.999614358 0.026895588 -0.045396984 -0.016948869 -0.027009236 0.999491453 2.337671041
0.999849975 0.006604519 0.016004302 -0.001302049 -0.007012881 0.999647677 0.025595583 -0.042890832 -0.015829619 -0.025703991 0.999544263 2.333687782
0.999854982 0.006470990 0.015752193 -0.001374830 -0.006888627 0.999622226 0.026604606 -0.041747432 -0.015574086 -0.026709259 0.999521911 2.334130764
0.999841928 0.006769455 0.016438924 -0.005228456 -0.007253271 0.999536991 0.029552108 -0.042478599 -0.016231261 -0.029666673 0.999428034 2.337919235
0.999843836 0.007223768 0.016124235 -0.004157264 -0.007708151 0.999514580 0.030183328 -0.042344272 -0.015898373 -0.030302905 0.999414265 2.337679863
0.999849796 0.008698873 0.014984443 -0.001460668 -0.009276850 0.999198258 0.038944349 -0.041669913 -0.014633670 -0.039077520 0.999128997 2.339585543
0.999878407 0.007442975 0.013696495 -0.000563223 -0.008196088 0.998409510 0.055777229 -0.041859031 -0.013259565 -0.055882726 0.998349309 2.350121498
0.999907970 0.001342919 0.013497110 0.000084698 -0.002182228 0.998050988 0.062363438 -0.043639287 -0.013387065 -0.062387161 0.997962236 2.364451408
0.999910891 -0.000514313 0.013331928 -0.000330713 -0.000325724 0.998017728 0.062930621 -0.043234736 -0.013337870 -0.062929370 0.997928798 2.370888233
0.999906600 -0.008713733 0.010523256 0.003292572 0.007997854 0.997770727 0.066253297 -0.042990655 -0.011077115 -0.066162966 0.997747302 2.388963938
0.999838471 -0.010567956 0.014535333 -0.014594257 0.009877770 0.998857200 0.046762422 -0.051836275 -0.015012907 -0.046611290 0.998800278 2.435794592
0.999761105 0.003338232 0.021600623 -0.002431680 -0.003706155 0.999848366 0.017015701 -0.051149994 -0.021540549 -0.017091686 0.999621868 2.483875275
0.999721229 0.001436365 0.023564281 0.001334641 -0.001815267 0.999869406 0.016066059 -0.051662553 -0.023538126 -0.016104365 0.999593198 2.533712387
0.999628842 0.000235015 0.027242504 0.005965807 -0.000658609 0.999879003 0.015541332 -0.052313562 -0.027235556 -0.015553502 0.999508023 2.572745800
0.999536157 0.001320484 0.030427981 0.008403361 -0.001774550 0.999887466 0.014900658 -0.050990745 -0.030404879 -0.014947738 0.999425888 2.600620508
0.999487042 0.002706631 0.031913131 0.010473043 -0.003191738 0.999880075 0.015159760 -0.052741177 -0.031868272 -0.015253842 0.999375641 2.617257595
0.999463320 0.002316208 0.032675922 0.009162202 -0.002771583 0.999899626 0.013897792 -0.049987823 -0.032640450 -0.013980899 0.999369383 2.622135401
0.999478281 0.002525919 0.032198783 0.010181226 -0.002975218 0.999898911 0.013913583 -0.050615992 -0.032160379 -0.014002126 0.999384642 2.619886637
0.999479830 0.002521397 0.032152049 0.009714089 -0.002996962 0.999886692 0.014751535 -0.051642112 -0.032111209 -0.014840223 0.999374092 2.618165255
0.999482691 0.002513628 0.032062702 0.009821326 -0.002981111 0.999889910 0.014540866 -0.051535890 -0.032022618 -0.014628924 0.999380112 2.618262529
0.999496996 0.002504538 0.031610511 0.011167847 -0.002962212 0.999891400 0.014439996 -0.051437970 -0.031570908 -0.014526367 0.999395967 2.617651463
0.999497473 0.002361719 0.031613220 0.011132486 -0.002805636 0.999898016 0.014005028 -0.050031379 -0.031576917 -0.014086682 0.999402046 2.617385864
0.999498308 0.002691379 0.031556148 0.011509292 -0.003148802 0.999890685 0.014454983 -0.051068407 -0.031513795 -0.014547098 0.999397457 2.617260456
0.999491394 0.002313198 0.031808153 0.010550931 -0.002763999 0.999896348 0.014135789 -0.050364736 -0.031772159 -0.014216520 0.999394059 2.617168903
0.999477148 0.002403646 0.032242667 0.009741433 -0.002814488 0.999915421 0.012702968 -0.051106781 -0.032209404 -0.012787078 0.999399364 2.618968964
0.999448776 0.003053036 0.033057645 0.011914432 -0.003362571 0.999951065 0.009311963 -0.052253399 -0.033027586 -0.009417988 0.999410093 2.629921198
0.999396384 0.003947888 0.034515254 0.012208655 -0.004257862 0.999951303 0.008911990 -0.051525608 -0.034478389 -0.009053577 0.999364436 2.654611111
0.999374747 0.004916542 0.035014026 0.014605813 -0.005279691 0.999933183 0.010286611 -0.054336276 -0.034961112 -0.010465041 0.999333918 2.701444149
0.999402106 0.004771589 0.034243252 0.019429512 -0.005151367 0.999926150 0.011010926 -0.053749174 -0.034188181 -0.011180747 0.999352872 2.742133856
0.999449432 0.005863702 0.032655969 0.022620931 -0.006230982 0.999918461 0.011156529 -0.053307973 -0.032587886 -0.011353876 0.999404371 2.789188385
0.999468446 0.004810813 0.032242622 0.025019273 -0.005169411 0.999925673 0.011047892 -0.053633645 -0.032187071 -0.011208698 0.999418974 2.843861580
0.999380589 0.005228291 0.034802213 0.032789648 -0.005591033 0.999930978 0.010333851 -0.052473553 -0.034745783 -0.010522038 0.999340773 2.892844915
0.999260724 0.007064289 0.037790187 0.036142319 -0.007498192 0.999907494 0.011352520 -0.053006306 -0.037706502 -0.011627484 0.999221206 2.937227964
0.998922288 0.010138056 0.045293480 0.044096634 -0.010731953 0.999859452 0.012888290 -0.055706386 -0.045156442 -0.013360489 0.998890579 2.986535072
0.998296797 0.009701554 0.057527479 0.056397252 -0.010484347 0.999856353 0.013321199 -0.055878688 -0.057389986 -0.013901647 0.998255074 3.037682295
0.997273326 0.010488991 0.073047578 0.062137634 -0.011538569 0.999835968 0.013961304 -0.059412804 -0.072889157 -0.014766101 0.997230768 3.092141390
0.996051013 0.007488941 0.088467009 0.077542409 -0.008490215 0.999904096 0.010947194 -0.054263774 -0.088376552 -0.011655070 0.996018946 3.148393631
0.994593918 0.008274386 0.103510424 0.090736046 -0.009631710 0.999874055 0.012619950 -0.054374471 -0.103392974 -0.013548709 0.994548321 3.195309877
0.991904855 0.010124847 0.126579016 0.106227636 -0.012303252 0.999789298 0.016439874 -0.059963021 -0.126385868 -0.017864123 0.991820276 3.238720655
0.988789499 0.010502238 0.148946255 0.113912702 -0.013130633 0.999774873 0.016674221 -0.056200571 -0.148737580 -0.018443063 0.988704741 3.281106472
0.984216034 0.008161413 0.176782504 0.127231389 -0.011566277 0.999766767 0.018238297 -0.053523138 -0.176592439 -0.019995138 0.984080970 3.335234642
0.979001224 0.008214876 0.203688741 0.140682995 -0.011852179 0.999791265 0.016643727 -0.046577103 -0.203509480 -0.018708391 0.978894174 3.380814075
0.973749518 0.006341834 0.227533683 0.169788420 -0.011098936 0.999745667 0.019633874 -0.055987000 -0.227351308 -0.021643853 0.973572254 3.427159548
