image_width: 1280
image_height: 1024
camera_name: camera
camera_matrix:
  rows: 3
  cols: 3
  data: [985.766767, 0.000000, 657.059430, 0.000000, 986.846966, 517.357083, 0.000000, 0.000000, 1.000000]
distortion_model: plumb_bob
distortion_coefficients:
  rows: 1
  cols: 5
  data: [-0.317756, 0.115591, 0.000470, -0.000802, 0.000000]
rectification_matrix:
  rows: 3
  cols: 3
  data: [1.000000, 0.000000, 0.000000, 0.000000, 1.000000, 0.000000, 0.000000, 0.000000, 1.000000]
projection_matrix:
  rows: 3
  cols: 4
  data: [843.126770, 0.000000, 660.868146, 0.000000, 0.000000, 896.625183, 519.033213, 0.000000, 0.000000, 0.000000, 1.000000, 0.000000]
