# oST version 5.0 parameters


[image]

width
1280

height
1024

[narrow_stereo]

camera matrix
985.766767 0.000000 657.059430
0.000000 986.846966 517.357083
0.000000 0.000000 1.000000

distortion
-0.317756 0.115591 0.000470 -0.000802 0.000000

rectification
1.000000 0.000000 0.000000
0.000000 1.000000 0.000000
0.000000 0.000000 1.000000

projection
843.126770 0.000000 660.868146 0.000000
0.000000 896.625183 519.033213 0.000000
0.000000 0.000000 1.000000 0.000000

