1.000000000 -0.000000000 -0.000000002 0.000000002 -0.000000000 1.000000000 -0.000000000 0.000000000 -0.000000002 -0.000000000 1.000000000 -0.000000004
1.000000000 -0.000116883 -0.000025357 0.000037986 0.000116883 1.000000000 -0.000002534 0.000025212 0.000025354 0.000002531 1.000000000 -0.000320816
0.999999940 0.000231183 0.000117264 -0.000056319 -0.000231182 1.000000000 -0.000005178 0.000124746 -0.000117269 0.000005151 1.000000000 0.000070982
1.000000000 0.000181700 0.000094322 -0.000080749 -0.000181708 1.000000000 0.000083292 0.000060510 -0.000094311 -0.000083309 1.000000000 -0.000118569
0.999870479 -0.007765505 -0.014097920 -0.003183274 0.007763360 0.999969840 -0.000206817 0.000377986 0.014099097 0.000097343 0.999900579 -0.000557181
0.999867797 -0.007864709 -0.014231711 -0.003069397 0.007862091 0.999969065 -0.000239874 0.000273163 0.014233152 0.000127951 0.999898672 -0.000759159
0.999869049 -0.007716556 -0.014224796 -0.002795415 0.007711928 0.999970198 -0.000380159 0.000707599 0.014227302 0.000270408 0.999898732 0.000070293
0.999870479 -0.007704112 -0.014130305 -0.003227273 0.007700858 0.999970317 -0.000284646 0.000489660 0.014132074 0.000175793 0.999900103 0.000025962
0.999869227 -0.007710001 -0.014216696 -0.002764902 0.007707017 0.999970257 -0.000264595 0.000612335 0.014218309 0.000154992 0.999898911 -0.000288831
0.999871492 -0.007470751 -0.014183099 -0.002868089 0.007468297 0.999972105 -0.000225983 0.000399167 0.014184388 0.000120030 0.999899387 -0.000640493
0.999869764 -0.007663185 -0.014204166 -0.002660606 0.007659911 0.999970615 -0.000284880 0.000520687 0.014205928 0.000176041 0.999899089 -0.000351194
0.999868870 -0.007798907 -0.014193853 -0.002874962 0.007795196 0.999969542 -0.000316782 0.000553574 0.014195888 0.000206096 0.999899209 -0.000469911
0.999871492 -0.007688552 -0.014065464 -0.003112457 0.007686762 0.999970436 -0.000181316 0.000334155 0.014066439 0.000073175 0.999901056 -0.000228255
0.999869049 -0.007757807 -0.014201429 -0.002813496 0.007754889 0.999969900 -0.000260471 0.000399468 0.014203018 0.000150307 0.999899149 -0.000632993
0.999869227 -0.007626442 -0.014261533 -0.002563895 0.007623909 0.999970913 -0.000232032 0.000609566 0.014262884 0.000123273 0.999898255 -0.000495758
0.999870002 -0.007708283 -0.014162173 -0.002862673 0.007705494 0.999970257 -0.000251474 0.000562589 0.014163687 0.000142314 0.999899685 -0.000728417
0.999872267 -0.007335007 -0.014201637 -0.002323975 0.007329679 0.999973059 -0.000427201 0.001152474 0.014204385 0.000323053 0.999899089 0.000193427
0.999872029 -0.007424359 -0.014171707 -0.002635524 0.007421502 0.999972403 -0.000254169 0.000610019 0.014173199 0.000148961 0.999899566 -0.000294600
0.999871671 -0.007614397 -0.014094532 -0.002882090 0.007611275 0.999970973 -0.000275095 0.000661559 0.014096214 0.000167782 0.999900639 -0.000179138
0.999869466 -0.007787223 -0.014154640 -0.003003259 0.007784659 0.999969661 -0.000236253 0.000501754 0.014156046 0.000126033 0.999899805 -0.000347136
0.999870300 -0.007648645 -0.014171652 -0.002825557 0.007645908 0.999970734 -0.000247377 0.000708053 0.014173126 0.000138990 0.999899566 -0.000845360
0.999871671 -0.007591147 -0.014105266 -0.002981559 0.007587333 0.999971151 -0.000323881 0.000989323 0.014107315 0.000216818 0.999900460 -0.000068022
0.999870598 -0.007698517 -0.014125950 -0.002954677 0.007693716 0.999970317 -0.000394166 0.000916949 0.014128562 0.000285434 0.999900162 -0.000038980
0.999871671 -0.007616562 -0.014094326 -0.003083250 0.007612485 0.999970973 -0.000342878 0.000826899 0.014096524 0.000235541 0.999900639 -0.000007603
0.999871850 -0.007587995 -0.014095973 -0.003078219 0.007586646 0.999971211 -0.000149182 0.000331242 0.014096696 0.000042221 0.999900639 -0.000243434
0.999869645 -0.007631974 -0.014227165 -0.002737566 0.007628057 0.999970853 -0.000329608 0.000649268 0.014229261 0.000221039 0.999898732 -0.000131821
0.999868035 -0.007709671 -0.014299014 -0.002749271 0.007707740 0.999970257 -0.000190197 0.000219821 0.014300051 0.000079959 0.999897718 -0.000782131
0.999869406 -0.007600728 -0.014263559 -0.002621298 0.007599809 0.999971092 -0.000118601 0.000214589 0.014264045 0.000010185 0.999898255 -0.000866630
0.999868333 -0.007722246 -0.014270888 -0.002626364 0.007719448 0.999970198 -0.000251138 0.000345488 0.014272398 0.000140941 0.999898136 -0.000519421
0.999868631 -0.007754773 -0.014235109 -0.002947164 0.007753036 0.999969900 -0.000177245 0.000198462 0.014236053 0.000066857 0.999898672 -0.000744091
0.999868393 -0.007801915 -0.014225987 -0.002862728 0.007799196 0.999969542 -0.000246617 0.000344950 0.014227474 0.000135633 0.999898791 -0.000420526
0.999870300 -0.007757461 -0.014113254 -0.003007200 0.007754448 0.999969900 -0.000268190 0.000484734 0.014114905 0.000158715 0.999900341 -0.000600960
0.999870598 -0.007671229 -0.014138296 -0.002966627 0.007670200 0.999970555 -0.000127007 0.000170907 0.014138850 0.000018547 0.999900043 -0.000341090
0.999869704 -0.007634792 -0.014223049 -0.002690499 0.007631515 0.999970853 -0.000284728 0.000692523 0.014224804 0.000176147 0.999898791 -0.000602006
0.999871075 -0.007589587 -0.014151789 -0.002906324 0.007586052 0.999971151 -0.000303483 0.000478338 0.014153681 0.000196088 0.999899805 -0.000376945
0.999872088 -0.007533924 -0.014109063 -0.002876198 0.007530066 0.999971569 -0.000326571 0.000688813 0.014111119 0.000220287 0.999900401 0.000049008
0.999871314 -0.007476402 -0.014195352 -0.002729462 0.007474846 0.999972045 -0.000162673 0.000486939 0.014196168 0.000056544 0.999899209 -0.000651501
0.999870896 -0.007614232 -0.014151287 -0.002681208 0.007610053 0.999970973 -0.000349144 0.000689141 0.014153532 0.000241407 0.999899805 0.000019376
0.999871731 -0.007582942 -0.014107271 -0.002915950 0.007580017 0.999971211 -0.000260749 0.000600810 0.014108839 0.000153783 0.999900460 -0.000464807
0.999871314 -0.007671743 -0.014089102 -0.003117106 0.007668970 0.999970555 -0.000250867 0.000518765 0.014090608 0.000142786 0.999900699 -0.000412186
0.999873102 -0.007555038 -0.014025184 -0.003160764 0.007551307 0.999971449 -0.000318995 0.000803450 0.014027190 0.000213046 0.999901593 0.000208103
0.999867439 -0.007685880 -0.014354694 -0.002400466 0.007682337 0.999970436 -0.000301950 0.000848215 0.014356587 0.000191633 0.999896944 -0.000402402
0.999869049 -0.007889501 -0.014128705 -0.003006032 0.007885336 0.999968827 -0.000350467 0.000723703 0.014131025 0.000239012 0.999900103 -0.000180958
0.999868453 -0.007734933 -0.014254453 -0.002610473 0.007733420 0.999970078 -0.000161239 0.000381416 0.014255270 0.000050982 0.999898374 -0.000956163
0.999870896 -0.007496466 -0.014213243 -0.002601088 0.007493287 0.999971867 -0.000276873 0.000654980 0.014214915 0.000170334 0.999898970 -0.000162443
0.999871552 -0.007587698 -0.014119339 -0.002934135 0.007584337 0.999971211 -0.000291594 0.000547779 0.014121141 0.000184470 0.999900281 -0.000314589
0.999870002 -0.007682562 -0.014175458 -0.002757705 0.007680433 0.999970496 -0.000204562 0.000637034 0.014176607 0.000095661 0.999899507 -0.000521139
0.999870002 -0.007287893 -0.014381972 -0.001932863 0.007281581 0.999973357 -0.000491168 0.001273739 0.014385165 0.000386381 0.999896467 -0.000378995
0.999868691 -0.007689568 -0.014264045 -0.002628624 0.007685913 0.999970436 -0.000311037 0.000647745 0.014266011 0.000201364 0.999898195 -0.000621274
0.999868572 -0.007796058 -0.014216650 -0.002709069 0.007793285 0.999969602 -0.000250468 0.000502147 0.014218167 0.000139641 0.999898911 -0.000482695
0.999868393 -0.007940503 -0.014145760 -0.003031321 0.007940114 0.999968469 -0.000083673 -0.000158443 0.014145974 -0.000028657 0.999899924 -0.000555338
0.999871731 -0.007605729 -0.014095644 -0.002945939 0.007602252 0.999971032 -0.000300290 0.000513333 0.014097515 0.000193092 0.999900579 -0.000123214
0.999873161 -0.007449943 -0.014076721 -0.003002875 0.007445641 0.999972224 -0.000357974 0.000839654 0.014078993 0.000253118 0.999900877 -0.000047020
0.999868453 -0.007740420 -0.014251526 -0.002863552 0.007738513 0.999970019 -0.000188896 0.000477202 0.014252556 0.000078585 0.999898434 -0.000912085
0.999870241 -0.007739028 -0.014126403 -0.002882553 0.007738391 0.999970078 -0.000099715 0.000234380 0.014126748 -0.000009613 0.999900222 -0.000649452
0.999871731 -0.007502784 -0.014151329 -0.002709978 0.007499367 0.999971807 -0.000294432 0.000603104 0.014153136 0.000188268 0.999899805 -0.000370846
0.999871492 -0.007608653 -0.014111381 -0.003030246 0.007605370 0.999971032 -0.000286326 0.000687937 0.014113147 0.000178967 0.999900401 -0.000131957
0.999867857 -0.007888071 -0.014214277 -0.003135377 0.007887497 0.999968886 -0.000096460 0.000170573 0.014214592 -0.000015668 0.999898970 -0.001000893
0.999866426 -0.007934112 -0.014290391 -0.002752735 0.007933236 0.999968529 -0.000118022 0.000108217 0.014290875 0.000004637 0.999897897 -0.000715759
0.999872863 -0.007478711 -0.014082743 -0.003087761 0.007476324 0.999972045 -0.000222151 0.000485283 0.014084007 0.000116836 0.999900818 -0.000390086
0.999869227 -0.007767383 -0.014185832 -0.002880732 0.007766096 0.999969840 -0.000145854 0.000118701 0.014186533 0.000035666 0.999899387 -0.000560762
0.999872088 -0.007633159 -0.014056357 -0.003136526 0.007632400 0.999970853 -0.000107695 0.000178274 0.014056765 0.000000397 0.999901175 -0.000544183
0.999871016 -0.007628050 -0.014134895 -0.002958775 0.007624196 0.999970853 -0.000326489 0.000665411 0.014136970 0.000218680 0.999900043 -0.000066046
0.999869525 -0.007775408 -0.014157066 -0.002743053 0.007770875 0.999969721 -0.000375175 0.000861530 0.014159551 0.000265113 0.999899685 -0.000275096
0.999871790 -0.007484871 -0.014155523 -0.002801758 0.007481605 0.999971986 -0.000283659 0.000523554 0.014157246 0.000177717 0.999899745 -0.000504844
0.999869823 -0.007736290 -0.014160503 -0.002966623 0.007734985 0.999970078 -0.000146991 0.000365597 0.014161212 0.000037441 0.999899745 -0.000425769
0.999869645 -0.007563740 -0.014264556 -0.002670927 0.007558575 0.999971330 -0.000415962 0.000807445 0.014267289 0.000308088 0.999898195 -0.000602243
0.999871790 -0.007509717 -0.014141909 -0.002761577 0.007506273 0.999971807 -0.000296588 0.000700693 0.014143733 0.000190397 0.999899983 -0.000517212
0.999872684 -0.007496750 -0.014083878 -0.002814268 0.007493972 0.999971867 -0.000249985 0.000625479 0.014085353 0.000144409 0.999900758 -0.000271239
0.999869406 -0.007677273 -0.014222523 -0.002647147 0.007674091 0.999970496 -0.000278331 0.000747179 0.014224237 0.000169150 0.999898791 -0.000531336
0.999873400 -0.007489528 -0.014037108 -0.003160184 0.007488005 0.999971926 -0.000161030 0.000577027 0.014037916 0.000055899 0.999901474 -0.000206836
0.999872088 -0.007456629 -0.014148546 -0.002963972 0.007454935 0.999972224 -0.000172501 0.000615373 0.014149435 0.000067003 0.999899864 -0.000850585
0.999870777 -0.007520220 -0.014207561 -0.002412285 0.007514659 0.999971688 -0.000444754 0.000993967 0.014210499 0.000337932 0.999898970 0.000152290
0.999869227 -0.007906127 -0.014108905 -0.003162608 0.007905467 0.999968767 -0.000102492 0.000237390 0.014109271 -0.000009059 0.999900460 -0.000535460
0.999868751 -0.007959289 -0.014111299 -0.003145990 0.007957903 0.999968350 -0.000154443 0.000460909 0.014112078 0.000042127 0.999900401 -0.000846904
0.999872208 -0.007564210 -0.014082956 -0.003126564 0.007560816 0.999971390 -0.000294201 0.000591552 0.014084775 0.000187685 0.999900758 -0.000170151
0.999868214 -0.007885915 -0.014189865 -0.002929552 0.007884871 0.999968886 -0.000129534 0.000130137 0.014190442 0.000017631 0.999899328 -0.000958664
0.999869585 -0.007716406 -0.014185873 -0.002773225 0.007715579 0.999970257 -0.000113059 0.000123321 0.014186319 0.000003592 0.999899387 -0.000746426
0.999870658 -0.007572601 -0.014188300 -0.002721089 0.007570025 0.999971330 -0.000235262 0.000689558 0.014189671 0.000127826 0.999899328 -0.000573423
0.999869943 -0.007588597 -0.014228680 -0.002727645 0.007584345 0.999971151 -0.000352781 0.000827453 0.014230943 0.000244819 0.999898732 -0.000383437
0.999871075 -0.007658316 -0.014115331 -0.002936563 0.007654380 0.999970675 -0.000332810 0.000781727 0.014117462 0.000224723 0.999900341 -0.000200561
0.999870181 -0.007702434 -0.014151650 -0.002577226 0.007698105 0.999970317 -0.000360332 0.000849132 0.014154002 0.000251345 0.999899805 -0.000061023
0.999872148 -0.007540016 -0.014099611 -0.002938607 0.007537303 0.999971569 -0.000245576 0.000512149 0.014101058 0.000139272 0.999900579 -0.000487669
0.999872446 -0.007521292 -0.014087664 -0.002818425 0.007517904 0.999971688 -0.000293444 0.000589017 0.014089469 0.000187497 0.999900699 0.000091243
0.999869168 -0.007750276 -0.014198613 -0.002893690 0.007748041 0.999969959 -0.000212443 0.000329726 0.014199830 0.000102404 0.999899149 -0.000487812
0.999868631 -0.007724162 -0.014250910 -0.002841209 0.007721913 0.999970138 -0.000212841 0.000476244 0.014252124 0.000102768 0.999898434 -0.000451856
0.999873579 -0.007445831 -0.014048371 -0.003068989 0.007442964 0.999972284 -0.000256368 0.000626843 0.014049887 0.000151774 0.999901295 -0.000575724
0.999868929 -0.007747325 -0.014217573 -0.002836553 0.007744857 0.999969959 -0.000228632 0.000513416 0.014218913 0.000118489 0.999898911 -0.000683461
0.999868631 -0.007814920 -0.014200750 -0.002699548 0.007812473 0.999969482 -0.000227751 0.000286845 0.014202092 0.000116778 0.999899149 -0.000512188
0.999870539 -0.007697615 -0.014130951 -0.002772237 0.007695286 0.999970376 -0.000219180 0.000366760 0.014132216 0.000110410 0.999900103 -0.000241210
0.999869287 -0.007817339 -0.014152361 -0.002908273 0.007813766 0.999969423 -0.000307789 0.000645113 0.014154331 0.000197166 0.999899805 -0.000136553
0.999870121 -0.007622311 -0.014199669 -0.002719331 0.007618424 0.999970913 -0.000327764 0.000883769 0.014201751 0.000219542 0.999899149 -0.000592135
0.999869823 -0.007763749 -0.014144527 -0.002964788 0.007762691 0.999969840 -0.000129729 0.000138621 0.014145104 0.000019912 0.999899924 -0.000734191
0.999870777 -0.007566900 -0.014182867 -0.002671040 0.007565640 0.999971390 -0.000142427 0.000452884 0.014183535 0.000035106 0.999899387 -0.000251684
0.999871075 -0.007551863 -0.014168949 -0.002927146 0.007548928 0.999971449 -0.000260625 0.000602018 0.014170509 0.000153631 0.999899566 -0.000304771
0.999870360 -0.007615495 -0.014186049 -0.002593510 0.007612841 0.999970973 -0.000241032 0.000488618 0.014187469 0.000133004 0.999899328 -0.000337112
0.999867082 -0.007879116 -0.014274018 -0.002658850 0.007877843 0.999968946 -0.000145360 0.000251248 0.014274716 0.000032892 0.999898136 -0.001024815
0.999869943 -0.007635651 -0.014204948 -0.002585132 0.007631230 0.999970794 -0.000365359 0.000748581 0.014207320 0.000256910 0.999899030 -0.000417058
0.999873579 -0.007435711 -0.014056339 -0.002833898 0.007433527 0.999972343 -0.000207569 0.000640008 0.014057490 0.000103054 0.999901175 -0.000195183
0.999870181 -0.007629894 -0.014193263 -0.002876710 0.007627571 0.999970913 -0.000217796 0.000410094 0.014194508 0.000109508 0.999899268 -0.000323763
0.999871373 -0.007630259 -0.014108962 -0.003012316 0.007626840 0.999970853 -0.000296077 0.000645130 0.014110807 0.000188432 0.999900401 -0.000389929
0.999869227 -0.007769322 -0.014183218 -0.002901462 0.007768296 0.999969840 -0.000127489 0.000227451 0.014183776 0.000017293 0.999899387 -0.000516884
0.999872088 -0.007534832 -0.014109626 -0.002875562 0.007532080 0.999971628 -0.000248201 0.000487629 0.014111092 0.000141894 0.999900401 -0.000529912
0.999869525 -0.007728333 -0.014184423 -0.002714812 0.007726165 0.999970138 -0.000207620 0.000340468 0.014185600 0.000098002 0.999899387 -0.000768953
0.999872029 -0.007571171 -0.014094184 -0.003135328 0.007568337 0.999971330 -0.000254387 0.000550035 0.014095702 0.000147685 0.999900639 -0.000238663
0.999868631 -0.007749925 -0.014234123 -0.002704343 0.007746282 0.999969959 -0.000311069 0.000601108 0.014236103 0.000200766 0.999898612 -0.000522588
0.999870539 -0.007571788 -0.014195676 -0.002876790 0.007570236 0.999971330 -0.000163070 0.000262455 0.014196500 0.000055585 0.999899209 -0.000861642
0.999994993 -0.002021326 0.002435209 0.001228847 0.002023897 0.999997377 -0.001053821 0.000750445 -0.002433076 0.001058744 0.999996483 0.001395397
0.999964893 -0.006101139 -0.005741475 -0.000766859 0.006100901 0.999981403 -0.000058861 0.001063498 0.005741723 0.000023831 0.999983490 0.000648218
0.999932289 -0.005213986 -0.010402377 -0.002424869 0.005214771 0.999986410 0.000048289 0.000434211 0.010401979 -0.000102532 0.999945879 0.000295447
0.999709368 -0.010409901 -0.021744488 -0.004783587 0.010386979 0.999945402 -0.001166791 -0.000139445 0.021755442 0.000940592 0.999762893 -0.000295379
0.999909759 -0.005729917 -0.012151028 -0.001996231 0.005725663 0.999983549 -0.000384840 0.001248241 0.012153029 0.000315233 0.999926090 0.001793481
0.999897540 -0.007400139 -0.012253841 -0.002447076 0.007396697 0.999972582 -0.000326157 0.000537307 0.012255915 0.000235486 0.999924839 0.000557551
0.999902010 -0.006853930 -0.012204988 -0.002860486 0.006850507 0.999976456 -0.000322266 0.000370125 0.012206906 0.000238624 0.999925494 0.000232474
0.999898911 -0.007221556 -0.012246637 -0.002499391 0.007219007 0.999973893 -0.000252370 0.000279471 0.012248136 0.000163936 0.999924958 0.000461744
0.999902368 -0.006911661 -0.012143251 -0.002742438 0.006907038 0.999976039 -0.000422556 0.000807522 0.012145878 0.000338641 0.999926150 0.001022021
0.999902666 -0.006901998 -0.012123112 -0.002915109 0.006899924 0.999976158 -0.000212915 0.000451909 0.012124288 0.000129246 0.999926507 0.000552438
0.999900639 -0.006977994 -0.012248687 -0.002598446 0.006976053 0.999975622 -0.000201181 0.000288826 0.012249789 0.000115713 0.999924958 0.000599153
0.999899387 -0.007041594 -0.012316265 -0.002414280 0.007039658 0.999975204 -0.000200484 0.000529059 0.012317368 0.000113761 0.999924123 0.000337453
0.999902844 -0.006913640 -0.012103505 -0.002712571 0.006911151 0.999976099 -0.000247494 0.000308041 0.012104923 0.000163821 0.999926746 0.000354437
0.999901950 -0.006926327 -0.012167980 -0.002676858 0.006923573 0.999975979 -0.000268470 0.000668454 0.012169544 0.000184198 0.999925911 0.000624013
0.999900699 -0.006920914 -0.012277653 -0.002321093 0.006918415 0.999976039 -0.000245927 0.000517372 0.012279057 0.000160961 0.999924600 0.000968404
0.999904096 -0.006707340 -0.012117054 -0.002576263 0.006704041 0.999977469 -0.000312834 0.000736259 0.012118876 0.000231571 0.999926507 0.001202558
0.999900162 -0.007036815 -0.012251665 -0.002489448 0.007033653 0.999975204 -0.000301181 0.000409306 0.012253476 0.000214977 0.999924898 0.000777835
0.999902427 -0.006673509 -0.012272243 -0.002461227 0.006670311 0.999977708 -0.000301570 0.000697390 0.012273978 0.000219681 0.999924660 0.000600285
0.999900997 -0.006878972 -0.012275738 -0.002217939 0.006876372 0.999976337 -0.000254008 0.000356279 0.012277191 0.000169571 0.999924600 0.000694942
0.999900520 -0.006903077 -0.012302532 -0.002356820 0.006900361 0.999976158 -0.000263177 0.000455796 0.012304052 0.000178258 0.999924302 0.000757873
0.999903738 -0.006735077 -0.012132385 -0.002789735 0.006731807 0.999977291 -0.000310378 0.000839735 0.012134195 0.000228676 0.999926329 0.000667833
0.999901652 -0.006909390 -0.012204694 -0.002608170 0.006906061 0.999976099 -0.000314817 0.000674699 0.012206573 0.000230500 0.999925494 0.000831744
0.999903142 -0.006664186 -0.012220347 -0.002192055 0.006659436 0.999977708 -0.000429337 0.001098293 0.012222933 0.000347915 0.999925256 0.001437781
0.999903738 -0.006860389 -0.012059738 -0.002798131 0.006856649 0.999976456 -0.000351488 0.000717032 0.012061861 0.000268764 0.999927223 0.001058553
0.999899030 -0.007040184 -0.012342041 -0.002270279 0.007038455 0.999975204 -0.000183500 0.000403069 0.012343024 0.000096612 0.999923825 0.000745910
0.999897540 -0.007226911 -0.012355074 -0.002431015 0.007210001 0.999972999 -0.001412679 -0.000048846 0.012364946 0.001323454 0.999922693 0.004053279
0.999887884 -0.006912356 -0.013283759 -0.002375689 0.006886162 0.999974251 -0.002016575 -0.000710216 0.013297353 0.001924874 0.999909759 0.020862382
0.999869287 -0.006503110 -0.014804360 -0.002457519 0.006487831 0.999978364 -0.001079874 -0.000962558 0.014811058 0.000983684 0.999889851 0.041227318
0.999856472 -0.007156807 -0.015355615 -0.002332622 0.007153361 0.999974370 -0.000279373 -0.001288724 0.015357217 0.000169489 0.999882042 0.055403903
0.999856472 -0.006983838 -0.015437365 -0.002046030 0.006980021 0.999975622 -0.000301120 -0.001372464 0.015439088 0.000193324 0.999880791 0.055714112
0.999852836 -0.007236679 -0.015552884 -0.002280569 0.007209121 0.999972343 -0.001827199 -0.000843382 0.015565674 0.001714808 0.999877393 0.052816045
0.999844790 -0.007505197 -0.015939672 -0.001775493 0.007469921 0.999969542 -0.002271479 -0.001474129 0.015956230 0.002152058 0.999870360 0.071528539
0.999821544 -0.008435409 -0.016904956 -0.000827726 0.008429010 0.999964356 -0.000449687 -0.003381110 0.016908145 0.000307115 0.999857008 0.129081637
0.999850035 -0.007113835 -0.015789375 -0.001076821 0.007106588 0.999974608 -0.000515050 -0.003597519 0.015792634 0.000402764 0.999875188 0.170618206
0.999857843 -0.005992013 -0.015759213 0.000136635 0.005990622 0.999982059 -0.000135514 -0.005042570 0.015759738 0.000041087 0.999875784 0.223219559
0.999857903 -0.004857610 -0.016141603 0.000574583 0.004852710 0.999988139 -0.000342745 -0.005004524 0.016143074 0.000264366 0.999869645 0.266451001
0.999788523 -0.005663268 -0.019769948 0.001456770 0.005635085 0.999983013 -0.001480997 -0.007241106 0.019777996 0.001369279 0.999803483 0.334829777
0.999729156 -0.006073210 -0.022467420 0.001586271 0.006009561 0.999977767 -0.002899383 -0.009327915 0.022484524 0.002763579 0.999743342 0.378230810
0.999703348 -0.006447366 -0.023489501 0.001872740 0.006367775 0.999973893 -0.003461609 -0.010462410 0.023511203 0.003311007 0.999718130 0.427761346
0.999763906 -0.005373263 -0.021052532 0.002149525 0.005295107 0.999978900 -0.003766348 -0.011379517 0.021072324 0.003653982 0.999771297 0.467440277
0.999837101 -0.003766931 -0.017648960 0.001872243 0.003701842 0.999986291 -0.003719126 -0.011910708 0.017662724 0.003653187 0.999837339 0.507895887
0.999859512 -0.003531979 -0.016383881 0.002612924 0.003478293 0.999988556 -0.003304072 -0.012326543 0.016395360 0.003246620 0.999860346 0.538907349
0.999863148 -0.003150332 -0.016236188 0.002331517 0.003100420 0.999990344 -0.003098376 -0.012511167 0.016245795 0.003047613 0.999863446 0.542192817
0.999865711 -0.003040766 -0.016101778 0.001855970 0.002988081 0.999990106 -0.003295044 -0.012406465 0.016111635 0.003246488 0.999864995 0.540067792
0.999868870 -0.003265969 -0.015862703 0.000824343 0.003210430 0.999988616 -0.003525423 -0.011823099 0.015874039 0.003474035 0.999868035 0.538789988
0.999872267 -0.003147278 -0.015668973 0.001647119 0.003075120 0.999984562 -0.004627110 -0.012228224 0.015683293 0.004578336 0.999866545 0.539482832
0.999876380 -0.003096402 -0.015412081 0.001976850 0.003023532 0.999984205 -0.004749111 -0.012913466 0.015426539 0.004701925 0.999869943 0.554455042
0.999873757 -0.002945370 -0.015611920 0.002696529 0.002884578 0.999988198 -0.003914977 -0.013404956 0.015623262 0.003869450 0.999870479 0.581016958
0.999834061 -0.003377178 -0.017897472 0.001065549 0.003327260 0.999990523 -0.002818101 -0.014864303 0.017906819 0.002758084 0.999835908 0.623430908
0.999748349 -0.003842794 -0.022102775 0.002171436 0.003793764 0.999990284 -0.002259777 -0.015801823 0.022111244 0.002175356 0.999753177 0.678474426
0.999721110 -0.005900621 -0.022864169 0.002800373 0.005908732 0.999982536 0.000287254 -0.016618023 0.022862073 -0.000422272 0.999738574 0.742982686
0.999826491 -0.004250634 -0.018134132 0.004388588 0.004277662 0.999989748 0.001451850 -0.017009312 0.018127771 -0.001529170 0.999834478 0.811158895
0.999895990 -0.003710504 -0.013931008 -0.002400989 0.003712174 0.999993145 0.000094036 -0.017994592 0.013930564 -0.000145741 0.999902904 0.848073900
0.999906957 -0.003334487 -0.013224809 0.004911708 0.003346246 0.999994159 0.000867113 -0.018176431 0.013221839 -0.000911286 0.999912143 0.871295452
0.999907315 -0.003868901 -0.013047883 0.007440173 0.003873746 0.999992490 0.000346044 -0.018937219 0.013046445 -0.000396556 0.999914765 0.913779140
0.999886513 -0.004116497 -0.014485514 0.005113205 0.004099905 0.999990880 -0.001174819 -0.020071415 0.014490222 0.001115296 0.999894321 0.963813841
0.999839306 -0.005482951 -0.017064173 0.006885959 0.005437510 0.999981523 -0.002708191 -0.022270624 0.017078709 0.002614968 0.999850631 1.022100449
0.999858677 -0.006346524 -0.015564186 0.007483806 0.006310797 0.999977469 -0.002343476 -0.022758469 0.015578706 0.002244922 0.999876082 1.087987185
0.999778211 -0.005995040 -0.020188292 0.008989096 0.005957785 0.999980450 -0.001905038 -0.023875561 0.020199319 0.001784337 0.999794424 1.128005505
0.999664724 -0.006418291 -0.025083298 0.002799546 0.006382473 0.999978542 -0.001507750 -0.024858313 0.025092436 0.001347151 0.999684215 1.158724785
0.999560118 -0.006740056 -0.028882027 0.004239321 0.006684161 0.999975502 -0.002031393 -0.024273166 0.028895011 0.001837448 0.999580860 1.168906450
0.999543250 -0.006835031 -0.029440096 0.004585948 0.006788389 0.999975502 -0.001683938 -0.024627643 0.029450892 0.001483318 0.999565065 1.169760942
0.999564230 -0.006538807 -0.028788805 0.004448541 0.006484218 0.999976933 -0.001989141 -0.024618436 0.028801151 0.001801601 0.999583542 1.168031216
0.999566019 -0.006353617 -0.028768240 0.004312545 0.006295570 0.999977946 -0.002107835 -0.024427706 0.028781001 0.001925807 0.999583900 1.168324709
0.999565244 -0.006494453 -0.028763432 0.004275687 0.006438178 0.999977112 -0.002048619 -0.024330100 0.028776085 0.001862544 0.999584138 1.168391466
0.999578774 -0.006402883 -0.028308555 0.004470777 0.006348535 0.999977827 -0.002009259 -0.024313975 0.028320795 0.001828695 0.999597251 1.167822957
0.999580681 -0.006341159 -0.028254092 0.004199732 0.006286876 0.999978185 -0.002009636 -0.024413416 0.028266219 0.001831164 0.999598742 1.168464422
0.999588966 -0.006214396 -0.027990565 0.004361577 0.006160523 0.999978960 -0.002010508 -0.024353843 0.028002474 0.001837245 0.999606192 1.168971539
0.999586165 -0.006253821 -0.028082022 0.004871484 0.006198950 0.999978721 -0.002040609 -0.024189975 0.028094191 0.001865685 0.999603450 1.169140339
0.999587059 -0.006093902 -0.028085366 0.004736926 0.006041912 0.999979794 -0.001935599 -0.024446115 0.028096601 0.001765110 0.999603570 1.168644786
0.999585569 -0.006414038 -0.028066186 0.004856225 0.006358407 0.999977589 -0.002070905 -0.024144989 0.028078847 0.001891591 0.999603927 1.168101788
0.999586463 -0.006402083 -0.028038928 0.004486419 0.006345394 0.999977589 -0.002110297 -0.024002381 0.028051818 0.001931506 0.999604583 1.168626904
0.999589503 -0.006224472 -0.027970484 0.004482571 0.006168914 0.999978781 -0.002072175 -0.024273504 0.027982792 0.001898777 0.999606550 1.168606997
0.999584734 -0.006212520 -0.028140727 0.004684482 0.006156568 0.999978781 -0.002074481 -0.024250824 0.028153023 0.001900369 0.999601841 1.168863058
0.999587536 -0.006278594 -0.028028531 0.004678737 0.006225987 0.999978662 -0.001963772 -0.024152733 0.028040268 0.001788456 0.999605179 1.168582916
0.999582648 -0.006009232 -0.028257752 0.006465610 0.005912523 0.999976397 -0.003504661 -0.024248749 0.028278150 0.003336124 0.999594510 1.173832655
0.999498725 -0.006391265 -0.031010063 0.003677417 0.006287719 0.999974370 -0.003435473 -0.025677688 0.031031225 0.003238768 0.999513090 1.197642684
0.999333560 -0.006494610 -0.035923790 0.002446514 0.006351409 0.999971390 -0.004098904 -0.026090249 0.035949387 0.003868006 0.999346077 1.229585767
0.999088883 -0.005211423 -0.042360254 0.000928871 0.005057107 0.999980211 -0.003749263 -0.028385948 0.042378955 0.003531627 0.999095321 1.278290510
0.998938799 -0.006717166 -0.045566309 -0.001142833 0.006611327 0.999975085 -0.002473043 -0.028814092 0.045581788 0.002169165 0.998958230 1.334393263
0.998947561 -0.006073157 -0.045465186 -0.002843875 0.006043614 0.999981344 -0.000787185 -0.030584943 0.045469120 0.000511583 0.998965621 1.400946021
0.998938918 -0.005808628 -0.045688845 -0.002650961 0.005850968 0.999982536 0.000793062 -0.031357165 0.045683444 -0.001059544 0.998955369 1.462529302
0.998670101 -0.006166606 -0.051187262 -0.003771357 0.006291064 0.999977529 0.002270672 -0.032488275 0.051172115 -0.002589674 0.998686433 1.533033133
0.998298764 -0.006891481 -0.057896871 -0.006790973 0.007116699 0.999967873 0.003684681 -0.033851445 0.057869632 -0.004090448 0.998315692 1.603637457
0.998244941 -0.007766233 -0.058708049 -0.008458428 0.008043390 0.999957621 0.004486108 -0.034649022 0.058670718 -0.004950447 0.998265147 1.663221717
0.998728275 -0.004295268 -0.050232794 -0.008998767 0.004540719 0.999978304 0.004773178 -0.035500437 0.050211195 -0.004995201 0.998726130 1.732059121
0.999212801 -0.005375481 -0.039304800 -0.005363911 0.005627723 0.999964237 0.006309738 -0.037280593 0.039269477 -0.006525968 0.999207377 1.801841259
0.999300718 -0.005584146 -0.036969744 -0.005569369 0.005817838 0.999963760 0.006216601 -0.038900547 0.036933690 -0.006427338 0.999296963 1.860299468
0.999342084 -0.006642697 -0.035653561 -0.002246819 0.006865419 0.999957681 0.006128006 -0.039193902 0.035611346 -0.006368752 0.999345422 1.902072906
0.999412000 -0.007595140 -0.033435460 -0.001688689 0.007768759 0.999956965 0.005065766 -0.039033864 0.033395544 -0.005322540 0.999428034 1.922975898
0.999523401 -0.008194412 -0.029762909 -0.001883294 0.008305322 0.999958932 0.003604745 -0.039569408 0.029732158 -0.003850218 0.999550462 1.948724151
0.999750078 0.000066984 -0.022356614 -0.001148134 -0.000124250 0.999996662 -0.002560080 -0.041265953 0.022356372 0.002562217 0.999746740 1.981052995
0.999717534 0.008007708 -0.022376848 -0.005102545 -0.008682186 0.999505937 -0.030209012 -0.049668141 0.022123884 0.030394765 0.999293089 2.001871824
0.999723434 0.006112073 -0.022709787 -0.003718875 -0.007044881 0.999125063 -0.041224889 -0.052409127 0.022437945 0.041373476 0.998891771 2.008012295
0.999716759 0.004882824 -0.023294009 -0.002343327 -0.006010837 0.998800039 -0.048603512 -0.053978533 0.023028729 0.048729759 0.998546422 2.011790037
0.999728084 0.002802025 -0.023151200 -0.002372999 -0.004081554 0.998455524 -0.055407457 -0.056470640 0.022960186 0.055486880 0.998195410 2.018720865
0.999747157 -0.003280228 -0.022245120 0.000250775 0.001859976 0.997975767 -0.063568152 -0.059470430 0.022408605 0.063510701 0.997729540 2.037583828
0.999796748 -0.012818894 -0.015561745 0.016126573 0.012420913 0.999600053 -0.025407268 -0.047601603 0.015881209 0.025208816 0.999556005 2.082267284
0.999256909 -0.032647070 -0.020487979 0.051632784 0.032540455 0.999455094 -0.005515290 -0.039835654 0.020656867 0.004844504 0.999774814 2.091646910
0.999227524 -0.034206282 -0.019347411 0.055466618 0.034201261 0.999414802 -0.000590157 -0.040263735 0.019356277 -0.000072005 0.999812663 2.144584417
0.999183595 -0.036667243 -0.016961992 0.055602517 0.036880627 0.999242246 0.012443397 -0.037948616 0.016492872 -0.013058806 0.999778688 2.179584026
0.999209285 -0.036383338 -0.016030429 0.055787869 0.036710531 0.999113321 0.020612631 -0.036682956 0.015266253 -0.021184819 0.999658942 2.190864325
0.999201417 -0.036566418 -0.016103266 0.055635203 0.036898669 0.999101520 0.020843480 -0.036953941 0.015326627 -0.021421019 0.999652982 2.190731287
0.999195397 -0.036736257 -0.016089324 0.055662714 0.037067503 0.999096274 0.020798272 -0.036863830 0.015310738 -0.021377927 0.999654174 2.190727711
0.999202609 -0.036530215 -0.016119048 0.055757731 0.036861215 0.999105215 0.020739611 -0.036712643 0.015346998 -0.021317236 0.999654889 2.190875053
0.999193311 -0.036710992 -0.016280789 0.056088641 0.037046775 0.999096513 0.020826440 -0.036748033 0.015501527 -0.021412790 0.999650478 2.190561295
0.999199152 -0.036597047 -0.016171554 0.055931732 0.036929343 0.999102473 0.020751515 -0.036459614 0.015397593 -0.021332104 0.999653816 2.190729380
0.999196649 -0.036676403 -0.016148051 0.055955775 0.037005920 0.999102592 0.020603478 -0.036179118 0.015377896 -0.021184500 0.999657273 2.190517187
0.999205053 -0.036456469 -0.016126022 0.056109596 0.036792573 0.999100983 0.021061778 -0.036874410 0.015343681 -0.021638351 0.999648035 2.190504551
0.999190569 -0.036634676 -0.016622206 0.055802803 0.036981381 0.999094129 0.021053564 -0.036256101 0.015835859 -0.021651231 0.999640107 2.190973997
0.999199092 -0.036521681 -0.016351800 0.055917930 0.036862340 0.999098718 0.021040544 -0.036148898 0.015568630 -0.021626458 0.999644816 2.190723658
0.999262571 -0.034922421 -0.015962541 0.056009859 0.035274241 0.999128401 0.022318114 -0.036711585 0.015169224 -0.022864722 0.999623477 2.191278934
0.999325573 -0.032966152 -0.016168417 0.055196360 0.033386901 0.999091566 0.026483420 -0.035786241 0.015280674 -0.027005374 0.999518514 2.195823431
0.999341786 -0.032335185 -0.016440749 0.055289075 0.032808773 0.999029040 0.029402949 -0.034718163 0.015474036 -0.029922994 0.999432445 2.200154543
0.999341369 -0.032316279 -0.016505467 0.055422500 0.032794300 0.999024928 0.029562425 -0.035376094 0.015534026 -0.030084241 0.999426603 2.199267387
0.999344945 -0.032210708 -0.016498979 0.055426981 0.032696195 0.999013424 0.030054186 -0.034722812 0.015514635 -0.030573953 0.999412060 2.199869156
0.999378741 -0.032115888 -0.014511229 0.055945039 0.032506820 0.999091506 0.027559817 -0.035906192 0.013612934 -0.028014410 0.999514759 2.206237078
0.999430835 -0.031185251 -0.012862376 0.056861669 0.031532157 0.999118507 0.027712956 -0.035336886 0.011986799 -0.028102761 0.999533176 2.227595091
0.999810338 -0.019439291 -0.001169384 0.058371257 0.019468956 0.999148965 0.036364481 -0.033184439 0.000461491 -0.036380351 0.999337852 2.253796101
0.999896646 -0.014289788 0.001571428 0.050655507 0.014209935 0.998992026 0.042579174 -0.036876671 -0.002178285 -0.042552445 0.999091864 2.266218901
0.999901235 -0.014052457 0.000327481 0.056800023 0.014026804 0.999042034 0.041451514 -0.034582406 -0.000909664 -0.041442830 0.999140441 2.262746334
0.999896944 -0.014349662 -0.000473792 0.058644626 0.014356886 0.999012172 0.042054106 -0.032338224 -0.000130139 -0.042056575 0.999115229 2.261884689
0.999900699 -0.014077954 0.000645017 0.053083528 0.014034188 0.998871386 0.045375526 -0.034106538 -0.001283083 -0.045361962 0.998969793 2.266581774
0.999906659 -0.013646053 0.000501219 0.053559028 0.013608564 0.998849332 0.045986522 -0.033941709 -0.001128178 -0.045975413 0.998941898 2.266549110
0.999928772 -0.011857009 -0.001359666 0.058077712 0.011913528 0.998439670 0.054555289 -0.032607831 0.000710681 -0.054567598 0.998509824 2.267836332
0.999913573 -0.012887149 -0.002609173 0.057446990 0.013040282 0.997374833 0.071228608 -0.032488659 0.001684390 -0.071256466 0.997456610 2.279090166
0.999823213 -0.018581692 -0.002882922 0.057650831 0.018750096 0.996770680 0.078080744 -0.035027653 0.001422737 -0.078120999 0.996942818 2.293435574
0.999773443 -0.021097483 -0.002804050 0.056242447 0.021252438 0.996693373 0.078425780 -0.033798024 0.001140183 -0.078467615 0.996915996 2.300321579
0.999569058 -0.028739529 -0.005963838 0.060513739 0.029131301 0.996224403 0.081781305 -0.033492714 0.003590964 -0.081919797 0.996632397 2.318399191
0.999501228 -0.028023407 0.014570772 -0.004036758 0.026935488 0.997172654 0.070149295 -0.064118966 -0.016495403 -0.069721825 0.997430027 2.388335943
0.999645412 -0.014339361 0.022440329 0.007174917 0.013417322 0.999080658 0.040713258 -0.062331893 -0.023003500 -0.040397741 0.998918831 2.436894655
0.999583185 -0.015908338 0.024093308 0.011944070 0.014938690 0.999091625 0.039904453 -0.061656311 -0.024706243 -0.039527893 0.998912990 2.486185789
0.999450624 -0.017801151 0.027957903 0.016113725 0.016715178 0.999114513 0.038607802 -0.059621103 -0.028620416 -0.038119279 0.998863220 2.525493145
0.999387026 -0.016363025 0.030952087 0.019240368 0.015173664 0.999151886 0.038278084 -0.058110639 -0.031552181 -0.037784971 0.998787642 2.552799702
0.999361217 -0.014924821 0.032470688 0.021539126 0.013671960 0.999166131 0.038470007 -0.059510052 -0.033017773 -0.038001500 0.998732090 2.569212675
0.999322355 -0.015304250 0.033477888 0.019368641 0.014033305 0.999183893 0.037874680 -0.057651028 -0.034030214 -0.037379220 0.998721540 2.574369431
0.999352217 -0.014739514 0.032830819 0.020948783 0.013490475 0.999188542 0.037946686 -0.058651984 -0.033363495 -0.037479199 0.998740315 2.572214127
0.999356568 -0.014932976 0.032613672 0.020723283 0.013679242 0.999171257 0.038332563 -0.058821805 -0.033159070 -0.037861772 0.998732626 2.570587158
0.999360859 -0.015007713 0.032445747 0.021061860 0.013770532 0.999181926 0.038023535 -0.058567636 -0.032989848 -0.037552435 0.998749912 2.570505381
0.999362409 -0.015133491 0.032340072 0.021420226 0.013901209 0.999181151 0.037994806 -0.058399379 -0.032888591 -0.037521008 0.998754442 2.570232153
0.999367714 -0.015330353 0.032078750 0.022151910 0.014125654 0.999198556 0.037449766 -0.056946814 -0.032627158 -0.036972959 0.998783529 2.569885731
0.999367416 -0.014865568 0.032306422 0.021631800 0.013630265 0.999179900 0.038126621 -0.058718957 -0.032846704 -0.037662141 0.998750508 2.569864273
0.999361455 -0.014978197 0.032438740 0.021015525 0.013740725 0.999181569 0.038040694 -0.058187671 -0.032981977 -0.037570674 0.998749495 2.569764853
0.999328673 -0.015420379 0.033234481 0.019097619 0.014219124 0.999247551 0.036082998 -0.057728231 -0.033765890 -0.035586193 0.998796105 2.572307587
0.999317229 -0.014811400 0.033851746 0.022200637 0.013695951 0.999363005 0.032948729 -0.059052996 -0.034318209 -0.032462589 0.998883605 2.582633495
0.999275327 -0.013624299 0.035542216 0.021641947 0.012460213 0.999385118 0.032770559 -0.058329642 -0.035966843 -0.032303948 0.998830795 2.608052731
0.999264479 -0.012673323 0.036194626 0.023867629 0.011451531 0.999364078 0.033766355 -0.059005782 -0.036599547 -0.033327028 0.998774171 2.654313326
0.999269128 -0.013107611 0.035909634 0.026355013 0.011879507 0.999344230 0.034202274 -0.056911863 -0.036334403 -0.033750691 0.998769581 2.697273016
0.999332130 -0.011649515 0.034638502 0.029182255 0.010455506 0.999351501 0.034454092 -0.055832162 -0.035017420 -0.034068916 0.998805761 2.743247747
0.999352336 -0.013017710 0.033549603 0.033697058 0.011866727 0.999341726 0.034280632 -0.054477304 -0.033973776 -0.033860300 0.998848975 2.797061682
0.999242187 -0.012210196 0.036960401 0.038998872 0.010924122 0.999334514 0.034800142 -0.055332631 -0.037360724 -0.034370001 0.998710632 2.846712589
0.999144971 -0.010332950 0.040035583 0.042713068 0.008893501 0.999313235 0.035967082 -0.055288211 -0.040379744 -0.035580266 0.998550653 2.890575171
0.998844862 -0.007215057 0.047508731 0.050649568 0.005455074 0.999297619 0.037071556 -0.054980792 -0.047742840 -0.036769569 0.998182654 2.940574884
0.998147130 -0.007970938 0.060322605 0.060584590 0.005745340 0.999299526 0.036978867 -0.052061573 -0.060575105 -0.036563784 0.997493744 2.993797541
0.997138500 -0.007978627 0.075174831 0.068689659 0.005184034 0.999290705 0.037296683 -0.052704073 -0.075419098 -0.036800250 0.996472597 3.046074867
0.995648265 -0.011024930 0.092537530 0.078043669 0.007912602 0.999392748 0.033932894 -0.044067629 -0.092855446 -0.033053003 0.995130837 3.104753494
0.994103670 -0.009147861 0.108048178 0.090413198 0.005022056 0.999249935 0.038395453 -0.050024822 -0.108318381 -0.037626423 0.993403912 3.150002241
0.991505384 -0.008601068 0.129781291 0.109537601 0.003413519 0.999188066 0.040141106 -0.047094166 -0.130021185 -0.039357103 0.990729809 3.191823483
0.988622665 -0.007540929 0.150228113 0.123245269 0.001582736 0.999208689 0.039741166 -0.040548906 -0.150408894 -0.039051235 0.987852335 3.231930256
0.984016895 -0.009890368 0.177800372 0.136637241 0.002129834 0.999038577 0.043785445 -0.041333646 -0.178062484 -0.042706922 0.983092010 3.290445566
0.979426682 -0.010198480 0.201542541 0.158357024 0.001941309 0.999152064 0.041125134 -0.029493555 -0.201791063 -0.039887801 0.978616059 3.332340717
0.973724484 -0.012302140 0.227396816 0.181745350 0.002937936 0.999135196 0.041472718 -0.028670669 -0.227710366 -0.039714925 0.972918630 3.385488749
