image_width: 1920
image_height: 1080
camera_name: narrow_stereo
camera_matrix:
  rows: 3
  cols: 3
  data: [737.227435, 0.000000, 1098.927622, 0.000000, 737.433394, 402.434557, 0.000000, 0.000000, 1.000000]
distortion_model: plumb_bob
distortion_coefficients:
  rows: 1
  cols: 5
  data: [0.000409, -0.012627, -0.002734, 0.005316, 0.000000]
rectification_matrix:
  rows: 3
  cols: 3
  data: [1.000000, 0.000000, 0.000000, 0.000000, 1.000000, 0.000000, 0.000000, 0.000000, 1.000000]
projection_matrix:
  rows: 3
  cols: 4
  data: [1722.489990, 0.000000, -0.480934, 0.000000, 0.000000, 1994.224365, 1080.322937, 0.000000, 0.000000, 0.000000, 1.000000, 0.000000]
