# oST version 5.0 parameters


[image]

width
1920

height
1080

[narrow_stereo]

camera matrix
737.227435 0.000000 1098.927622
0.000000 737.433394 402.434557
0.000000 0.000000 1.000000

distortion
0.000409 -0.012627 -0.002734 0.005316 0.000000

rectification
1.000000 0.000000 0.000000
0.000000 1.000000 0.000000
0.000000 0.000000 1.000000

projection
1722.489990 0.000000 -0.480934 0.000000
0.000000 1994.224365 1080.322937 0.000000
0.000000 0.000000 1.000000 0.000000

