1.000000000 0.000000000 -0.000000001 -0.000000002 0.000000000 0.999999940 0.000000001 -0.000000004 -0.000000001 0.000000001 1.000000000 -0.000000000
1.000000000 -0.000047156 0.000034280 -0.000177718 0.000047156 0.999999940 -0.000002208 0.000041195 -0.000034282 0.000002212 1.000000000 -0.000109005
1.000000000 0.000123798 0.000093322 -0.000125582 -0.000123805 0.999999940 0.000070507 -0.000090685 -0.000093316 -0.000070517 1.000000000 -0.000235819
0.999999940 0.000208975 0.000135561 -0.000203309 -0.000208988 0.999999940 0.000095382 -0.000013642 -0.000135543 -0.000095408 1.000000000 -0.000174142
0.999870658 -0.007545662 -0.014201898 -0.002808185 0.007542568 0.999971449 -0.000271370 0.000700331 0.014203540 0.000164218 0.999899089 -0.000605009
0.999869645 -0.007455871 -0.014321329 -0.002515400 0.007450744 0.999972105 -0.000411325 0.000925867 0.014323995 0.000304568 0.999897361 -0.000503634
0.999868989 -0.007731609 -0.014220173 -0.002807655 0.007727455 0.999970019 -0.000346997 0.000683480 0.014222428 0.000237068 0.999898851 -0.000268846
0.999869585 -0.007763259 -0.014159791 -0.003205841 0.007759702 0.999969780 -0.000306089 0.000614283 0.014161739 0.000196175 0.999899685 -0.000066529
0.999868631 -0.007752257 -0.014235497 -0.002793396 0.007748585 0.999969900 -0.000313098 0.000664294 0.014237494 0.000202754 0.999898612 -0.000380646
0.999871373 -0.007637195 -0.014103994 -0.003115046 0.007634227 0.999970794 -0.000264229 0.000331498 0.014105598 0.000156524 0.999900520 -0.000198428
0.999870300 -0.007682062 -0.014155213 -0.002811588 0.007679466 0.999970436 -0.000237705 0.000411887 0.014156619 0.000128972 0.999899805 -0.000341706
0.999867558 -0.007776713 -0.014296434 -0.002761587 0.007772116 0.999969661 -0.000377018 0.000786897 0.014298931 0.000265857 0.999897718 -0.000497119
0.999868870 -0.007785250 -0.014201333 -0.002806689 0.007782262 0.999969602 -0.000265661 0.000525465 0.014202969 0.000155110 0.999899149 -0.000532072
0.999869049 -0.007731403 -0.014217488 -0.002759040 0.007727731 0.999970019 -0.000313121 0.000658139 0.014219481 0.000203213 0.999898851 -0.000662875
0.999868929 -0.007941414 -0.014110330 -0.003004305 0.007937491 0.999968410 -0.000333874 0.000487920 0.014112534 0.000221832 0.999900401 -0.000146827
0.999868453 -0.007781955 -0.014230769 -0.002689016 0.007778239 0.999969661 -0.000316463 0.000482725 0.014232798 0.000205733 0.999898672 -0.000912247
0.999870956 -0.007641631 -0.014129140 -0.002852897 0.007638320 0.999970734 -0.000288242 0.000718329 0.014130928 0.000180284 0.999900162 -0.000508852
0.999872208 -0.007611812 -0.014057567 -0.002986331 0.007607358 0.999970913 -0.000370250 0.000867313 0.014059977 0.000263263 0.999901116 -0.000250239
0.999871373 -0.007685585 -0.014077430 -0.003094245 0.007682479 0.999970376 -0.000274667 0.000685153 0.014079123 0.000166485 0.999900877 -0.000402970
0.999869585 -0.007739177 -0.014176133 -0.002947661 0.007735525 0.999969959 -0.000312421 0.000617095 0.014178124 0.000202723 0.999899447 -0.000352369
0.999869168 -0.007676401 -0.014237865 -0.002691943 0.007672312 0.999970436 -0.000341764 0.000864340 0.014240067 0.000232483 0.999898553 -0.000376507
0.999871671 -0.007689725 -0.014054019 -0.003053187 0.007685270 0.999970317 -0.000370920 0.000823125 0.014056453 0.000262865 0.999901175 0.000051206
0.999868691 -0.007780553 -0.014213469 -0.002762215 0.007776210 0.999969661 -0.000360819 0.000759299 0.014215844 0.000250246 0.999898911 -0.000513829
0.999871671 -0.007617514 -0.014094626 -0.002965635 0.007613874 0.999970913 -0.000311890 0.000794177 0.014096591 0.000204537 0.999900639 -0.000301432
0.999870062 -0.007750553 -0.014134947 -0.002992899 0.007748236 0.999969900 -0.000218666 0.000359839 0.014136216 0.000109118 0.999900043 -0.000555057
0.999868810 -0.007797965 -0.014195520 -0.002963529 0.007795501 0.999969542 -0.000228894 0.000506269 0.014196872 0.000118205 0.999899209 -0.000299323
0.999870777 -0.007524671 -0.014205442 -0.002793737 0.007520908 0.999971628 -0.000318281 0.000673896 0.014207433 0.000211404 0.999899030 -0.000355795
0.999870777 -0.007589017 -0.014170742 -0.002665883 0.007585474 0.999971151 -0.000303682 0.000650240 0.014172636 0.000196153 0.999899566 -0.000485858
0.999869287 -0.007712926 -0.014208544 -0.002706002 0.007709547 0.999970198 -0.000292562 0.000520330 0.014210376 0.000182984 0.999899030 -0.000524780
0.999868989 -0.007750174 -0.014211186 -0.002797680 0.007745941 0.999969900 -0.000352851 0.000628256 0.014213491 0.000242728 0.999898970 -0.000563642
0.999869943 -0.007736454 -0.014150701 -0.002848038 0.007733846 0.999970019 -0.000239022 0.000567884 0.014152125 0.000129553 0.999899864 -0.000392186
0.999870121 -0.007820346 -0.014090105 -0.003095367 0.007815786 0.999969304 -0.000378687 0.000740274 0.014092633 0.000268515 0.999900639 -0.000427247
0.999867737 -0.007887263 -0.014222278 -0.002931966 0.007883915 0.999968827 -0.000291376 0.000514740 0.014224132 0.000179212 0.999898791 -0.000289813
0.999868512 -0.007738477 -0.014248360 -0.002587079 0.007735255 0.999969959 -0.000281211 0.000604120 0.014250107 0.000170961 0.999898434 -0.000691396
0.999871016 -0.007623699 -0.014134169 -0.002929074 0.007619672 0.999970853 -0.000338729 0.000638739 0.014136338 0.000230990 0.999900043 -0.000431771
0.999871910 -0.007598679 -0.014085541 -0.002995433 0.007594744 0.999971032 -0.000332779 0.000708446 0.014087661 0.000225762 0.999900758 -0.000372495
0.999870181 -0.007670228 -0.014170717 -0.002955592 0.007667555 0.999970496 -0.000242905 0.000558088 0.014172162 0.000134220 0.999899566 -0.000685088
0.999870360 -0.007593312 -0.014200581 -0.002656416 0.007588821 0.999971092 -0.000370144 0.000747789 0.014202980 0.000262333 0.999899089 -0.000415188
0.999869764 -0.007754314 -0.014154663 -0.002865280 0.007751491 0.999969840 -0.000254228 0.000575354 0.014156207 0.000144477 0.999899805 -0.000638449
0.999868870 -0.007901187 -0.014135567 -0.002982711 0.007897626 0.999968708 -0.000307667 0.000556954 0.014137554 0.000195991 0.999900043 -0.000580462
0.999870479 -0.007827207 -0.014063835 -0.003001621 0.007824864 0.999969304 -0.000221525 0.000438732 0.014065136 0.000111450 0.999901056 -0.000401794
0.999868512 -0.007689853 -0.014278460 -0.002612583 0.007686340 0.999970376 -0.000300851 0.000819724 0.014280350 0.000191065 0.999898016 -0.000218738
0.999868393 -0.007762889 -0.014244869 -0.002765046 0.007758347 0.999969780 -0.000374052 0.000691528 0.014247342 0.000263488 0.999898493 -0.000624114
0.999870062 -0.007632059 -0.014201070 -0.002606896 0.007627113 0.999970794 -0.000402375 0.000905904 0.014203724 0.000294011 0.999899089 -0.000281671
0.999869406 -0.007619098 -0.014253445 -0.002577167 0.007616403 0.999970913 -0.000243329 0.000531387 0.014254883 0.000134739 0.999898374 -0.000290568
0.999872208 -0.007626461 -0.014050424 -0.002985848 0.007620880 0.999970794 -0.000450684 0.000873606 0.014053450 0.000343551 0.999901175 -0.000257746
0.999868870 -0.007635421 -0.014280711 -0.002475375 0.007633188 0.999970794 -0.000210847 0.000640465 0.014281902 0.000101814 0.999898016 -0.000692626
0.999869823 -0.007550773 -0.014257580 -0.002487415 0.007546678 0.999971390 -0.000340975 0.000833114 0.014259746 0.000233335 0.999898314 -0.000582598
0.999866605 -0.007925005 -0.014282313 -0.002713986 0.007920294 0.999968529 -0.000386327 0.000809474 0.014284925 0.000273157 0.999897957 -0.000545767
0.999868095 -0.007854533 -0.014216298 -0.002707336 0.007850831 0.999969065 -0.000316183 0.000605831 0.014218342 0.000204533 0.999898911 -0.000608026
0.999870598 -0.007796824 -0.014071649 -0.002950674 0.007793065 0.999969542 -0.000321857 0.000656958 0.014073729 0.000212156 0.999900937 -0.000408718
0.999871612 -0.007649536 -0.014080977 -0.002997346 0.007646207 0.999970675 -0.000290184 0.000530158 0.014082783 0.000182483 0.999900818 -0.000190970
0.999872804 -0.007584432 -0.014031810 -0.003064722 0.007580535 0.999971151 -0.000330911 0.000705251 0.014033914 0.000224502 0.999901474 -0.000167459
0.999869764 -0.007625967 -0.014223367 -0.002742020 0.007622509 0.999970853 -0.000297334 0.000786991 0.014225218 0.000188879 0.999898791 -0.000493974
0.999870539 -0.007774682 -0.014085649 -0.002919098 0.007772565 0.999969721 -0.000204991 0.000495257 0.014086815 0.000095485 0.999900758 -0.000593522
0.999869525 -0.007681754 -0.014211872 -0.002547644 0.007678710 0.999970436 -0.000268723 0.000593350 0.014213515 0.000159561 0.999898970 -0.000825489
0.999870002 -0.007721601 -0.014152919 -0.002991431 0.007717517 0.999970078 -0.000343152 0.000668185 0.014155144 0.000233884 0.999899805 -0.000174535
0.999867380 -0.007835010 -0.014275405 -0.002767802 0.007831227 0.999969244 -0.000320787 0.000624597 0.014277478 0.000208952 0.999898076 -0.000501588
0.999869347 -0.007788121 -0.014162605 -0.002870266 0.007786494 0.999969602 -0.000170015 0.000398990 0.014163498 0.000059718 0.999899685 -0.000461167
0.999871314 -0.007654880 -0.014099531 -0.002963777 0.007650830 0.999970615 -0.000341062 0.000719758 0.014101727 0.000233147 0.999900520 -0.000389421
0.999870300 -0.007862218 -0.014057769 -0.003048654 0.007859338 0.999969006 -0.000260033 0.000510805 0.014059376 0.000149516 0.999901175 -0.000485920
0.999870539 -0.007830150 -0.014057497 -0.003109214 0.007827775 0.999969304 -0.000223951 0.000336880 0.014058818 0.000113885 0.999901175 -0.000288685
0.999870360 -0.007707471 -0.014136191 -0.003155292 0.007703179 0.999970198 -0.000358020 0.000612886 0.014138527 0.000249082 0.999900043 -0.000204477
0.999868870 -0.007873479 -0.014151715 -0.003099463 0.007870253 0.999968946 -0.000283556 0.000639851 0.014153507 0.000172143 0.999899805 -0.000342395
0.999869406 -0.007692902 -0.014214348 -0.002680213 0.007688933 0.999970317 -0.000333822 0.000656045 0.014216494 0.000224487 0.999898911 -0.000648152
0.999868453 -0.007928093 -0.014150369 -0.003026782 0.007926441 0.999968529 -0.000172799 0.000306309 0.014151293 0.000060616 0.999899864 -0.000566685
0.999870300 -0.007582979 -0.014207252 -0.002673183 0.007577815 0.999971151 -0.000417197 0.000810710 0.014210004 0.000309485 0.999898970 -0.000091971
0.999871254 -0.007587946 -0.014136600 -0.002884300 0.007584389 0.999971151 -0.000305184 0.000626837 0.014138507 0.000197930 0.999900043 -0.000540557
0.999871790 -0.007501870 -0.014148201 -0.002693255 0.007498119 0.999971807 -0.000318115 0.000856134 0.014150187 0.000211991 0.999899864 -0.000428403
0.999867797 -0.007848050 -0.014240816 -0.002682767 0.007843368 0.999969125 -0.000384637 0.000837859 0.014243394 0.000272893 0.999898493 -0.000585342
0.999872148 -0.007631458 -0.014050569 -0.003297981 0.007628892 0.999970794 -0.000236158 0.000692490 0.014051961 0.000128939 0.999901235 -0.000118292
0.999872684 -0.007456841 -0.014107623 -0.002919355 0.007453532 0.999972105 -0.000287097 0.000911706 0.014109369 0.000181911 0.999900460 -0.000587219
0.999870420 -0.007524877 -0.014231195 -0.002464971 0.007519688 0.999971569 -0.000418113 0.001210467 0.014233936 0.000311047 0.999898672 -0.000205868
0.999869049 -0.007740409 -0.014210203 -0.002801430 0.007736663 0.999969959 -0.000318519 0.000667296 0.014212240 0.000208539 0.999898970 -0.000529940
0.999870598 -0.007807149 -0.014067221 -0.003196095 0.007802868 0.999969423 -0.000359129 0.000694718 0.014069594 0.000249320 0.999900997 -0.000190671
0.999874055 -0.007552505 -0.013960150 -0.003277252 0.007550526 0.999971390 -0.000194473 0.000526267 0.013961218 0.000089044 0.999902546 -0.000386752
0.999871194 -0.007699059 -0.014084144 -0.002983584 0.007697335 0.999970317 -0.000176568 0.000509233 0.014085085 0.000068137 0.999900818 -0.000841655
0.999871612 -0.007698626 -0.014054602 -0.002907684 0.007696507 0.999970317 -0.000204780 0.000465983 0.014055761 0.000096584 0.999901235 -0.000597229
0.999871850 -0.007725843 -0.014022281 -0.003243224 0.007723776 0.999970078 -0.000201528 0.000474890 0.014023418 0.000093199 0.999901652 -0.000771762
0.999872088 -0.007400481 -0.014178219 -0.002723352 0.007396759 0.999972522 -0.000314883 0.000798775 0.014180159 0.000209972 0.999899447 -0.000372074
0.999870062 -0.007674824 -0.014177257 -0.002801650 0.007669334 0.999970436 -0.000441537 0.000839286 0.014180225 0.000332752 0.999899387 -0.000533840
0.999870837 -0.007859014 -0.014019293 -0.003135226 0.007854020 0.999969006 -0.000411192 0.000651679 0.014022089 0.000301033 0.999901652 -0.000038979
0.999871850 -0.007718301 -0.014027398 -0.003220641 0.007716417 0.999970138 -0.000188402 0.000263733 0.014028432 0.000080138 0.999901593 -0.000502560
0.999871135 -0.007737393 -0.014064065 -0.003107883 0.007734547 0.999970019 -0.000256716 0.000397884 0.014065628 0.000147906 0.999901056 -0.000271338
0.999871671 -0.007617501 -0.014093901 -0.003056603 0.007614755 0.999970913 -0.000248469 0.000448728 0.014095383 0.000141117 0.999900639 -0.000436943
0.999870181 -0.007597168 -0.014209501 -0.002817370 0.007592916 0.999971032 -0.000353155 0.000775902 0.014211771 0.000245220 0.999898970 -0.000186115
0.999872506 -0.007500134 -0.014097316 -0.002952856 0.007496819 0.999971807 -0.000287927 0.000753629 0.014099076 0.000182207 0.999900579 -0.000655838
0.999867737 -0.007760104 -0.014293632 -0.002614836 0.007756172 0.999969780 -0.000330483 0.000585916 0.014295765 0.000219577 0.999897778 -0.000859142
0.999870121 -0.007637758 -0.014191234 -0.002688244 0.007634362 0.999970734 -0.000293457 0.000551067 0.014193059 0.000185080 0.999899268 -0.000830827
0.999867499 -0.007859211 -0.014253920 -0.002583673 0.007857732 0.999969065 -0.000159723 0.000240208 0.014254734 0.000047701 0.999898374 -0.000766265
0.999868274 -0.007822760 -0.014221506 -0.002741579 0.007819073 0.999969304 -0.000314801 0.000554810 0.014223532 0.000203562 0.999898791 -0.000664495
0.999869227 -0.007639939 -0.014252494 -0.002654902 0.007635139 0.999970734 -0.000391108 0.000806641 0.014255064 0.000282239 0.999898374 -0.000665432
0.999869168 -0.007777296 -0.014183005 -0.002908095 0.007773696 0.999969661 -0.000308838 0.000599228 0.014184977 0.000198545 0.999899387 -0.000702158
0.999869287 -0.007867722 -0.014123667 -0.003059515 0.007865164 0.999969006 -0.000236558 0.000427391 0.014125089 0.000125444 0.999900222 -0.000166437
0.999871433 -0.007587502 -0.014125821 -0.003122160 0.007583619 0.999971151 -0.000328370 0.000551968 0.014127904 0.000221205 0.999900162 -0.000393007
0.999871612 -0.007722639 -0.014039394 -0.003089832 0.007720359 0.999970138 -0.000216535 0.000294937 0.014040646 0.000108120 0.999901414 -0.000665187
0.999868989 -0.007722784 -0.014223579 -0.002648734 0.007718883 0.999970078 -0.000329123 0.000658598 0.014225694 0.000219292 0.999898791 -0.000681195
0.999870121 -0.007622444 -0.014201811 -0.002620334 0.007617694 0.999970853 -0.000388470 0.000838659 0.014204357 0.000280236 0.999899089 -0.000466810
0.999873281 -0.007520949 -0.014029194 -0.003031235 0.007518330 0.999971628 -0.000239368 0.000469372 0.014030594 0.000133863 0.999901533 -0.000176388
0.999871314 -0.007517337 -0.014173464 -0.002736442 0.007512777 0.999971628 -0.000374935 0.000723751 0.014175880 0.000268407 0.999899507 -0.000019632
0.999871194 -0.007619856 -0.014125793 -0.003002426 0.007615971 0.999970913 -0.000328731 0.000613397 0.014127886 0.000221109 0.999900162 -0.000615906
0.999871135 -0.007768428 -0.014050469 -0.003216444 0.007764863 0.999969721 -0.000308186 0.000642795 0.014052437 0.000199048 0.999901235 -0.000332598
0.999871314 -0.007640980 -0.014106461 -0.002879997 0.007636194 0.999970734 -0.000393124 0.000838337 0.014109050 0.000285356 0.999900401 -0.000638518
0.999872267 -0.007413191 -0.014161428 -0.002701743 0.007409063 0.999972463 -0.000343882 0.000778708 0.014163585 0.000238917 0.999899685 -0.000673814
0.999872088 -0.007634210 -0.014053147 -0.003117240 0.007630771 0.999970794 -0.000298320 0.000692704 0.014055013 0.000191047 0.999901175 -0.000403258
0.999869764 -0.007710313 -0.014177604 -0.002799375 0.007706304 0.999970198 -0.000337385 0.000600959 0.014179781 0.000228086 0.999899447 -0.000372652
0.999872386 -0.007545976 -0.014080895 -0.003056119 0.007542303 0.999971449 -0.000313888 0.000600354 0.014082861 0.000207648 0.999900818 -0.000282300
0.999994695 -0.002164931 0.002434693 0.001180954 0.002168073 0.999996781 -0.001288717 0.000787084 -0.002431897 0.001293991 0.999996185 0.001648361
0.999961078 -0.006560481 -0.005900067 -0.000732223 0.006560761 0.999978602 0.000028029 0.000657884 0.005899754 -0.000066735 0.999982536 -0.000169581
0.999917626 -0.005850487 -0.011418756 -0.000618421 0.005845358 0.999982774 -0.000482444 0.001206180 0.011421381 0.000415657 0.999934673 -0.000099306
0.999660969 -0.010796268 -0.023692487 -0.001083035 0.010753471 0.999940395 -0.001933020 0.001342642 0.023711940 0.001677588 0.999717474 -0.001518423
0.999895930 -0.005293734 -0.013421084 0.005376387 0.005290050 0.999985874 -0.000309950 -0.000655850 0.013422535 0.000238922 0.999909878 0.009961409
0.999887943 -0.007349372 -0.013039911 0.001615116 0.007345723 0.999972880 -0.000327719 -0.000501858 0.013041965 0.000231897 0.999914944 0.004410333
0.999905109 -0.006545147 -0.012122354 -0.002697047 0.006540813 0.999978483 -0.000397110 0.000865918 0.012124691 0.000317785 0.999926448 0.001103588
0.999898851 -0.007157886 -0.012288910 -0.002398845 0.007154342 0.999974310 -0.000332310 0.000547992 0.012290971 0.000244359 0.999924421 0.000840478
0.999903560 -0.006721277 -0.012151894 -0.002816995 0.006717491 0.999977291 -0.000352279 0.000832725 0.012153985 0.000270617 0.999926090 0.000874156
0.999904752 -0.006645243 -0.012096549 -0.002787310 0.006642559 0.999977827 -0.000262002 0.000596472 0.012098022 0.000181627 0.999926805 0.000715435
0.999904811 -0.006601547 -0.012118013 -0.002712331 0.006599443 0.999978125 -0.000213537 0.000547775 0.012119156 0.000133547 0.999926567 0.000810334
0.999901652 -0.006762532 -0.012287560 -0.002436795 0.006760587 0.999977052 -0.000199793 0.000642954 0.012288628 0.000116704 0.999924481 0.000703561
0.999904513 -0.006665383 -0.012104214 -0.002620014 0.006662843 0.999977708 -0.000250179 0.000530026 0.012105611 0.000169509 0.999926686 0.000769966
0.999905348 -0.006479331 -0.012136844 -0.002545339 0.006475710 0.999978900 -0.000337588 0.000964205 0.012138775 0.000258963 0.999926269 0.001259029
0.999905348 -0.006519681 -0.012116021 -0.002521967 0.006516553 0.999978662 -0.000297632 0.000855624 0.012117703 0.000218651 0.999926567 0.001097828
0.999905050 -0.006560048 -0.012120742 -0.002654895 0.006557203 0.999978423 -0.000274391 0.000727323 0.012122280 0.000194889 0.999926507 0.000839060
0.999902785 -0.006794050 -0.012178621 -0.002647906 0.006790339 0.999976814 -0.000346023 0.000703196 0.012180689 0.000263294 0.999925792 0.001038833
0.999903619 -0.006559900 -0.012236126 -0.002482832 0.006555290 0.999978364 -0.000416731 0.000988499 0.012238594 0.000336481 0.999925077 0.000684440
0.999904394 -0.006664211 -0.012115637 -0.002462623 0.006661395 0.999977708 -0.000272704 0.000606836 0.012117183 0.000191973 0.999926567 0.000918782
0.999902248 -0.006780357 -0.012227440 -0.002600266 0.006778168 0.999976933 -0.000220426 0.000238137 0.012228652 0.000137527 0.999925196 0.000181440
0.999905109 -0.006592412 -0.012098296 -0.002688255 0.006588632 0.999978185 -0.000352187 0.000929192 0.012100353 0.000272445 0.999926746 0.000913374
0.999904454 -0.006654457 -0.012116082 -0.002699784 0.006650330 0.999977767 -0.000380764 0.000805656 0.012118345 0.000300153 0.999926507 0.000684673
0.999903738 -0.006708001 -0.012145488 -0.002405192 0.006704363 0.999977410 -0.000340210 0.000730549 0.012147495 0.000258752 0.999926209 0.001112329
0.999904394 -0.006823767 -0.012024479 -0.002974394 0.006819585 0.999976635 -0.000388739 0.000727540 0.012026849 0.000306702 0.999927640 0.000781704
0.999900937 -0.006921466 -0.012257896 -0.002395502 0.006917889 0.999975979 -0.000334165 0.000610261 0.012259914 0.000249335 0.999924839 0.000768669
0.999900937 -0.006867891 -0.012284042 -0.002190351 0.006848247 0.999975145 -0.001640420 0.000486002 0.012295002 0.001556135 0.999923229 0.004746431
0.999887466 -0.006790625 -0.013376691 -0.002127536 0.006762536 0.999974787 -0.002143902 -0.000523472 0.013390912 0.002053202 0.999908209 0.020819547
0.999870479 -0.006354575 -0.014788003 -0.002330143 0.006336401 0.999979079 -0.001275426 -0.000479347 0.014795797 0.001181560 0.999889851 0.041116383
0.999856353 -0.006860672 -0.015498825 -0.001559113 0.006860203 0.999976397 -0.000083452 -0.001703920 0.015499031 -0.000022883 0.999879897 0.054973803
0.999855936 -0.006722951 -0.015586914 -0.001330139 0.006717165 0.999977291 -0.000423501 -0.001116669 0.015589407 0.000318742 0.999878407 0.056102909
0.999855340 -0.007053382 -0.015475916 -0.002250538 0.007026135 0.999973595 -0.001814218 -0.000806727 0.015488303 0.001705222 0.999878585 0.052376125
0.999842584 -0.007498856 -0.016079392 -0.001317378 0.007464616 0.999969661 -0.002188349 -0.001788562 0.016095316 0.002067980 0.999868333 0.071521312
0.999829710 -0.008147598 -0.016555356 -0.001358340 0.008138908 0.999966681 -0.000592319 -0.002874381 0.016559631 0.000457477 0.999862790 0.129746765
0.999849260 -0.007238962 -0.015777161 -0.001027525 0.007232266 0.999973714 -0.000481398 -0.003497371 0.015780233 0.000367222 0.999875367 0.170953050
0.999860346 -0.005931958 -0.015622548 -0.000193320 0.005926038 0.999982357 -0.000425104 -0.004100528 0.015624795 0.000332465 0.999877870 0.224065870
0.999856591 -0.005582733 -0.015989600 -0.000234183 0.005584372 0.999984384 0.000057883 -0.005949131 0.015989028 -0.000147167 0.999872148 0.266861498
0.999791861 -0.005660035 -0.019598568 0.000564854 0.005635963 0.999983311 -0.001283227 -0.008114903 0.019605504 0.001172503 0.999807060 0.335322559
0.999733329 -0.006277345 -0.022225449 0.000253484 0.006216269 0.999976695 -0.002816016 -0.009498108 0.022242613 0.002677105 0.999749064 0.378553808
0.999706447 -0.006583588 -0.023316158 0.001060774 0.006505473 0.999972880 -0.003424553 -0.010408158 0.023338078 0.003271865 0.999722242 0.430124819
0.999766350 -0.005450021 -0.020916682 0.001439922 0.005372459 0.999978423 -0.003762641 -0.011257237 0.020936739 0.003649388 0.999774039 0.469537050
0.999832630 -0.004276643 -0.017791506 0.001712024 0.004211023 0.999984086 -0.003724090 -0.012138167 0.017807154 0.003648545 0.999834716 0.509685457
0.999861240 -0.003710041 -0.016237993 0.001780344 0.003659653 0.999988258 -0.003131787 -0.012684479 0.016249426 0.003071927 0.999863207 0.540400624
0.999867380 -0.003396415 -0.015929071 0.001124724 0.003345979 0.999989212 -0.003191918 -0.012404796 0.015939739 0.003138195 0.999868035 0.543770194
0.999867260 -0.003472594 -0.015920375 0.001105425 0.003419893 0.999988496 -0.003336342 -0.012160949 0.015931780 0.003281452 0.999867678 0.542550266
0.999865651 -0.003287851 -0.016054643 0.001497017 0.003237515 0.999989748 -0.003160301 -0.012008607 0.016064869 0.003107899 0.999866068 0.541751027
0.999869227 -0.003312923 -0.015826829 0.001921515 0.003245064 0.999985397 -0.004311368 -0.012340571 0.015840879 0.004259445 0.999865353 0.543605268
0.999876380 -0.003068525 -0.015421082 0.002485711 0.002998544 0.999985039 -0.004559101 -0.012996336 0.015434844 0.004512297 0.999870598 0.558259904
0.999865830 -0.003606823 -0.015974535 0.003311772 0.003546744 0.999986529 -0.003787604 -0.013295773 0.015987985 0.003730438 0.999865115 0.586023808
0.999833763 -0.003574390 -0.017875044 0.001088768 0.003527420 0.999990225 -0.002658520 -0.014240941 0.017884374 0.002595026 0.999836564 0.627087772
0.999742568 -0.004200624 -0.022296313 0.002865295 0.004155181 0.999989092 -0.002084048 -0.016099630 0.022304825 0.001990867 0.999749243 0.682206869
0.999692678 -0.006988277 -0.023782371 0.003577584 0.007001885 0.999975324 0.000489031 -0.017204562 0.023778362 -0.000655401 0.999716997 0.755121112
0.999809504 -0.005574109 -0.018705754 0.004234027 0.005612139 0.999982297 0.001981169 -0.017875422 0.018694377 -0.002085770 0.999823034 0.819794774
0.999863684 -0.004604036 -0.015860334 0.004163017 0.004619355 0.999988914 0.000929398 -0.018614311 0.015855880 -0.001002534 0.999873757 0.850513935
0.999889314 -0.004862907 -0.014055189 0.005557721 0.004882568 0.999987066 0.001364937 -0.018521773 0.014048369 -0.001433409 0.999900222 0.880015910
0.999898136 -0.005104512 -0.013326701 0.005809058 0.005120244 0.999986231 0.001146697 -0.019889444 0.013320664 -0.001214815 0.999910414 0.921837449
0.999866366 -0.005013434 -0.015561786 0.006815491 0.005003532 0.999987185 -0.000675093 -0.020713082 0.015564972 0.000597141 0.999878645 0.971776307
0.999823213 -0.006101274 -0.017786020 0.007014433 0.006061106 0.999978840 -0.002311466 -0.022065731 0.017799746 0.002203255 0.999839067 1.031676173
0.999823093 -0.008206591 -0.016920816 0.007076373 0.008172760 0.999964416 -0.002067547 -0.021929787 0.016937178 0.001928893 0.999854684 1.107754350
0.999746025 -0.008033677 -0.021056887 0.006998314 0.008003726 0.999966860 -0.001506356 -0.023062225 0.021068288 0.001337441 0.999777138 1.147063255
0.999602675 -0.008484244 -0.026877351 0.003909532 0.008446691 0.999963105 -0.001510529 -0.023361841 0.026889175 0.001282905 0.999637544 1.179348230
0.999513865 -0.008193779 -0.030080725 0.003465161 0.008142401 0.999965131 -0.001830126 -0.023958405 0.030094665 0.001584308 0.999545753 1.189909339
0.999510050 -0.008159619 -0.030214798 0.001584649 0.008112491 0.999965608 -0.001682025 -0.023775756 0.030227480 0.001436085 0.999541938 1.193126917
0.999517381 -0.007852546 -0.030053932 0.003865037 0.007804424 0.999968112 -0.001718188 -0.024480430 0.030066464 0.001482805 0.999546766 1.188978910
0.999510109 -0.007500429 -0.030383758 0.005854506 0.007463512 0.999971271 -0.001328253 -0.025070757 0.030392842 0.001100833 0.999537408 1.186258912
0.999524117 -0.007730446 -0.029859420 0.003170814 0.007686746 0.999969184 -0.001578032 -0.024524722 0.029870696 0.001347760 0.999552846 1.189788103
0.999545991 -0.007697167 -0.029128803 0.001921434 0.007646544 0.999969006 -0.001848924 -0.024044134 0.029142130 0.001625351 0.999573946 1.190309763
0.999543667 -0.007812873 -0.029175926 0.001998365 0.007766644 0.999968350 -0.001697520 -0.024325468 0.029188259 0.001470147 0.999572814 1.190113306
0.999549270 -0.007489627 -0.029069690 0.003447078 0.007450871 0.999971211 -0.001441348 -0.024341354 0.029079642 0.001224104 0.999576330 1.189149976
0.999555171 -0.007369511 -0.028899245 0.002822064 0.007329578 0.999971986 -0.001487536 -0.024530329 0.028909396 0.001275055 0.999581218 1.189369082
0.999560118 -0.007708600 -0.028638951 0.000954974 0.007663018 0.999969125 -0.001701063 -0.024116267 0.028651183 0.001480855 0.999588370 1.192185163
0.999552965 -0.007937607 -0.028821968 0.002169155 0.007891379 0.999967337 -0.001717385 -0.023890400 0.028834656 0.001489173 0.999583066 1.189926624
0.999553084 -0.007795441 -0.028857404 0.002512999 0.007756160 0.999968886 -0.001472955 -0.024449090 0.028867982 0.001248475 0.999582410 1.189538836
0.999556541 -0.007639699 -0.028779510 0.002413515 0.007599236 0.999969900 -0.001515062 -0.024285600 0.028790219 0.001295689 0.999584615 1.189343452
0.999549091 -0.007650969 -0.029034823 0.003447447 0.007611644 0.999969959 -0.001464727 -0.024447989 0.029045153 0.001243064 0.999577284 1.188830018
0.999551535 -0.007728419 -0.028929628 0.002846796 0.007685665 0.999969125 -0.001588836 -0.024107637 0.028941011 0.001365780 0.999580145 1.189393163
0.999555051 -0.007445246 -0.028882938 0.003067844 0.007359333 0.999968171 -0.003079651 -0.024672212 0.028904945 0.002865723 0.999578059 1.196308851
0.999447167 -0.007870598 -0.032300401 0.002334338 0.007772787 0.999964774 -0.003152661 -0.025347298 0.032324076 0.002899855 0.999473214 1.219166875
0.999290884 -0.008051284 -0.036784187 -0.000086393 0.007922079 0.999961853 -0.003656933 -0.025771372 0.036812231 0.003362933 0.999316454 1.251437783
0.999038100 -0.007257408 -0.043244570 -0.001627013 0.007103146 0.999967813 -0.003719830 -0.026865238 0.043270171 0.003409080 0.999057591 1.299766660
0.998856664 -0.008329366 -0.047073379 -0.000978075 0.008243802 0.999963939 -0.002011573 -0.028476529 0.047088437 0.001621211 0.998889387 1.353835821
0.998895347 -0.007917127 -0.046317667 -0.005312182 0.007912989 0.999968588 -0.000272713 -0.030248752 0.046318375 -0.000094099 0.998926699 1.421611786
0.998889148 -0.008253514 -0.046392102 -0.007710364 0.008300748 0.999965191 0.000825623 -0.030436663 0.046383679 -0.001209795 0.998922884 1.494186282
0.998606741 -0.008851131 -0.052020196 -0.009614706 0.008971218 0.999957502 0.002075429 -0.031477332 0.051999621 -0.002539222 0.998643816 1.565653324
0.998250008 -0.008535285 -0.058514804 -0.012212127 0.008771042 0.999954402 0.003773408 -0.034025311 0.058479935 -0.004280042 0.998279393 1.636874914
0.998178780 -0.009585367 -0.059558492 -0.013730139 0.009858173 0.999942124 0.004288345 -0.033977486 0.059513949 -0.004867673 0.998215556 1.696847677
0.998719752 -0.006205183 -0.050202955 -0.017117448 0.006451463 0.999967873 0.004745166 -0.035236485 0.050171893 -0.005062973 0.998727739 1.766413689
0.999172628 -0.006899316 -0.040076848 -0.009943381 0.007145763 0.999956429 0.006009396 -0.035600707 0.040033635 -0.006290805 0.999178529 1.834736466
0.999418557 -0.009120761 -0.032852992 -0.031448632 0.009328768 0.999937356 0.006183719 -0.040787213 0.032794531 -0.006486604 0.999441087 1.933686852
0.999470592 -0.010346035 -0.030848594 -0.030335329 0.010539944 0.999925673 0.006129906 -0.041271571 0.030782886 -0.006451806 0.999505281 1.976432204
0.999523401 -0.011273655 -0.028738141 -0.029178450 0.011425296 0.999921679 0.005118011 -0.041535337 0.028678201 -0.005443916 0.999573886 1.997771502
0.999613822 -0.011523747 -0.025289379 -0.028114315 0.011630593 0.999924004 0.004081909 -0.042825684 0.025240421 -0.004374465 0.999671876 2.022763014
0.999842763 -0.003215489 -0.017444275 -0.029115161 0.003180176 0.999992847 -0.002051665 -0.044808239 0.017450750 0.001995864 0.999845743 2.054526567
0.999834061 0.004978152 -0.017528471 -0.032019343 -0.005492904 0.999551415 -0.029442050 -0.053982176 0.017374044 0.029533438 0.999412775 2.074224949
0.999827743 0.003389403 -0.018250834 -0.028557364 -0.004127221 0.999169230 -0.040541817 -0.056381926 0.018098269 0.040610157 0.999011219 2.079353094
0.999826789 0.001653175 -0.018537734 -0.028884182 -0.002545192 0.998834610 -0.048198931 -0.057524189 0.018436449 0.048237760 0.998665750 2.084357023
0.999829888 -0.000689862 -0.018434934 -0.028523672 -0.000326012 0.998483717 -0.055046074 -0.059488919 0.018444963 0.055042718 0.998313665 2.090668678
0.999827266 -0.006421307 -0.017445490 -0.025871497 0.005310175 0.997999012 -0.063007697 -0.063093230 0.017815176 0.062904164 0.997860610 2.109393835
0.999819040 -0.018964050 0.001424456 -0.069823146 0.018986987 0.999651730 -0.018328773 -0.083444297 -0.001076376 0.018352507 0.999830902 2.153258085
0.998346508 -0.004807957 -0.057279177 0.201273486 0.002346021 0.999073565 -0.042971369 0.036241189 0.057432707 0.042765945 0.997433007 2.215589762
0.998436749 -0.006121241 -0.055556357 0.201876789 0.004022752 0.999276936 -0.037805710 0.033047259 0.055747613 0.037523128 0.997739494 2.269415379
0.998560309 -0.007508181 -0.053110238 0.201238722 0.006183887 0.999666929 -0.025055328 0.033755373 0.053280659 0.024690837 0.998274326 2.304431438
0.998618543 -0.007279160 -0.052037269 0.201861933 0.006391770 0.999831617 -0.017199069 0.035594538 0.052153699 0.016842706 0.998497009 2.315092087
0.998601675 -0.007447393 -0.052337430 0.202257305 0.006581970 0.999839067 -0.016688349 0.034931272 0.052453294 0.016320528 0.998490036 2.314988136
0.998611152 -0.007482812 -0.052149922 0.201788902 0.006603179 0.999833345 -0.017019264 0.035492361 0.052268583 0.016651276 0.998494208 2.314921379
0.998612821 -0.007562326 -0.052105613 0.201932043 0.006683636 0.999832869 -0.017017383 0.035499759 0.052225590 0.016645534 0.998496532 2.314956427
0.998600543 -0.007443660 -0.052358270 0.202388257 0.006560002 0.999833405 -0.017028823 0.035226595 0.052476306 0.016661527 0.998483121 2.315259695
0.998609185 -0.007047032 -0.052249134 0.202387676 0.006179054 0.999840558 -0.016755270 0.035078876 0.052358877 0.016409127 0.998493433 2.315036297
0.998612165 -0.007364165 -0.052146807 0.202282935 0.006496104 0.999837816 -0.016796479 0.035363447 0.052262042 0.016434422 0.998498142 2.314486027
0.998613060 -0.007239602 -0.052146934 0.202274561 0.006373949 0.999839485 -0.016747529 0.035321288 0.052259799 0.016391927 0.998498917 2.314488888
0.998581946 -0.007458059 -0.052708820 0.202173963 0.006588506 0.999839664 -0.016651807 0.035835702 0.052824553 0.016280932 0.998471022 2.315485239
0.998606384 -0.007097265 -0.052294865 0.202126741 0.006251543 0.999847412 -0.016318128 0.035292059 0.052402690 0.015968474 0.998498321 2.314909697
0.998639226 -0.005940950 -0.051811099 0.201808676 0.005156911 0.999870360 -0.015253250 0.035375770 0.051895000 0.014965314 0.998540342 2.315871239
0.998637438 -0.003368100 -0.052074619 0.201489598 0.002796534 0.999935150 -0.011044886 0.035710856 0.052108437 0.010884218 0.998582125 2.320034027
0.998620689 -0.002951741 -0.052419521 0.201624304 0.002523257 0.999962926 -0.008238338 0.036993206 0.052441891 0.008094717 0.998591185 2.324539423
0.998619497 -0.002610704 -0.052461483 0.201804399 0.002178710 0.999963284 -0.008290011 0.036543570 0.052481197 0.008164283 0.998588443 2.323281527
0.998622477 -0.002611071 -0.052403137 0.201479822 0.002208319 0.999967694 -0.007742155 0.037113875 0.052421652 0.007615771 0.998596013 2.324441195
0.998734832 -0.002865151 -0.050205447 0.201219350 0.002332687 0.999940455 -0.010661040 0.036355287 0.050232999 0.010530442 0.998682082 2.330692053
0.998816550 -0.001562758 -0.048610389 0.201733455 0.001079398 0.999949694 -0.009968244 0.035060901 0.048623525 0.009903979 0.998768032 2.351894140
0.999275506 0.010353001 -0.036620788 0.202201128 -0.010430168 0.999943793 -0.001916748 0.036497962 0.036598876 0.002297323 0.999327421 2.378223658
0.999290287 0.016435204 -0.033889942 0.194489926 -0.016268102 0.999854267 0.005200736 0.030064691 0.033970475 -0.004645713 0.999412000 2.389999866
0.999253094 0.017482217 -0.034458455 0.198486000 -0.017346870 0.999840617 0.004222982 0.030914830 0.034526780 -0.003622081 0.999397218 2.387987614
0.999235213 0.017803855 -0.034812652 0.199043602 -0.017620832 0.999829412 0.005557258 0.031660479 0.034905646 -0.004939578 0.999378383 2.388435364
0.999253452 0.016797762 -0.034787182 0.197429091 -0.016545288 0.999834836 0.007532902 0.034169603 0.034907959 -0.006951705 0.999366283 2.389928818
0.999215603 0.017255127 -0.035641626 0.200358123 -0.016971536 0.999822021 0.008244142 0.034138884 0.035777528 -0.007632773 0.999330640 2.389071941
0.999169409 0.018458258 -0.036327682 0.201264352 -0.017889094 0.999713063 0.015930746 0.037299346 0.036611315 -0.015267637 0.999212861 2.392039299
0.999148071 0.018197481 -0.037038229 0.199617922 -0.016947249 0.999285102 0.033793859 0.034742750 0.037626710 -0.033137359 0.998742282 2.405036211
0.999199569 0.013013585 -0.037824623 0.202434614 -0.011491859 0.999126673 0.040173888 0.032712765 0.038314395 -0.039707061 0.998476505 2.416708708
0.999233961 0.011219287 -0.037491173 0.200558156 -0.009690637 0.999124110 0.040709589 0.032922171 0.037915055 -0.040315077 0.998467386 2.423576117
0.999209821 0.002285142 -0.039676636 0.200023353 -0.000539054 0.999033034 0.043963090 0.033108220 0.039738730 -0.043906964 0.998244882 2.444255829
0.999419868 -0.028597200 -0.018493462 0.066455051 0.029074462 0.999237120 0.026075268 -0.024213180 0.017733673 -0.026597833 0.999488890 2.446830273
0.997981071 -0.010750107 -0.062594593 0.336173743 0.009726143 0.999814212 -0.016640466 0.021995757 0.062761858 0.015998067 0.997900307 2.537974119
0.999106884 -0.008250592 -0.041437961 0.278368145 0.007557252 0.999829352 -0.016860818 0.015530486 0.041569993 0.016532607 0.998998821 2.555745125
0.998346865 -0.013761953 -0.055804383 0.335428655 0.012790786 0.999761105 -0.017723121 0.017432123 0.056034967 0.016980041 0.998284400 2.618151903
0.998459339 -0.012139469 -0.054142397 0.339288026 0.011166395 0.999771297 -0.018238973 0.017486926 0.054351438 0.017606303 0.998366594 2.653439522
0.998547673 -0.011320114 -0.052670795 0.339587122 0.010343101 0.999770105 -0.018785229 0.016918585 0.052871343 0.018213172 0.998435259 2.669816494
0.998600245 -0.011250916 -0.051680591 0.336864203 0.010296274 0.999772131 -0.018701214 0.016570553 0.051879220 0.018142920 0.998488605 2.675461531
0.998571157 -0.011107150 -0.052269481 0.337898791 0.010136839 0.999771953 -0.018792244 0.016301014 0.052466288 0.018235546 0.998456240 2.673880816
0.998546302 -0.011171848 -0.052728143 0.338970721 0.010194749 0.999771953 -0.018763628 0.016930602 0.052925747 0.018198801 0.998432636 2.671388626
0.998563290 -0.011142145 -0.052411430 0.338512778 0.010170097 0.999771953 -0.018776786 0.016688459 0.052608695 0.018216781 0.998449087 2.671422482
0.998559773 -0.011209226 -0.052464616 0.337827504 0.010224163 0.999767125 -0.019006617 0.017050844 0.052665450 0.018442841 0.998441935 2.672230721
0.998560488 -0.011214547 -0.052450933 0.338158906 0.010227423 0.999766231 -0.019050624 0.017257158 0.052652322 0.018486766 0.998441815 2.671628714
0.998583138 -0.011035523 -0.052056540 0.336775541 0.010078791 0.999776125 -0.018605571 0.015962590 0.052250214 0.018054545 0.998470783 2.672377586
0.998586237 -0.011142809 -0.051974405 0.336539209 0.010176701 0.999771178 -0.018815879 0.016568385 0.052172188 0.018260349 0.998471200 2.672209024
0.998597383 -0.011183731 -0.051749934 0.336217165 0.010141652 0.999741316 -0.020355832 0.016058024 0.051964208 0.019802453 0.998452604 2.673543930
0.998639882 -0.010932437 -0.050979219 0.339045525 0.009718874 0.999664903 -0.023992525 0.015993759 0.051224444 0.023464432 0.998411477 2.683747530
0.998721242 -0.009757077 -0.049603771 0.337396741 0.008601388 0.999687731 -0.023458721 0.012959734 0.049817186 0.023002064 0.998493433 2.707767487
0.998738050 -0.009687467 -0.049278729 0.335527509 0.008533842 0.999685824 -0.023566980 0.012326717 0.049491551 0.023116702 0.998507023 2.755886555
0.998667538 -0.008956944 -0.050819408 0.340478599 0.007818108 0.999714851 -0.022564147 0.010601893 0.051007017 0.022136772 0.998452902 2.794296026
0.998664558 -0.008553918 -0.050947551 0.334125549 0.007418151 0.999720633 -0.022440368 0.009275153 0.051125284 0.022032470 0.998449147 2.843389988
0.998654962 -0.009674933 -0.050935101 0.330396414 0.008529768 0.999706984 -0.022652341 0.007595755 0.051139344 0.022187414 0.998445034 2.898530483
0.998805583 -0.009837212 -0.047861293 0.332453191 0.008778673 0.999713302 -0.022276958 0.004792459 0.048066713 0.021830190 0.998605549 2.947196245
0.998919129 -0.007303688 -0.045903042 0.336641878 0.006382833 0.999776125 -0.020175533 0.000387851 0.046040110 0.019860737 0.998742163 2.989014864
0.999284685 -0.003816494 -0.037622198 0.337332278 0.003102699 0.999814391 -0.019012880 -0.002707470 0.037687786 0.018882550 0.999111176 3.043436527
0.999702990 -0.004918393 -0.023866173 0.340119809 0.004447698 0.999795318 -0.019735545 -0.001250777 0.023958344 0.019623535 0.999520481 3.096770287
0.999927044 -0.004332672 -0.011270937 0.350206792 0.004109754 0.999796987 -0.019726861 -0.004145205 0.011354122 0.019679103 0.999741912 3.149300814
0.999953568 -0.006429222 0.007168457 0.352053314 0.006570803 0.999780238 -0.019904790 -0.007523954 -0.007038899 0.019950971 0.999776244 3.208122730
0.999754071 -0.005240806 0.021545935 0.362897009 0.005580046 0.999860942 -0.015715122 -0.016376156 -0.021460578 0.015831484 0.999644339 3.255050659
0.998969316 -0.004410831 0.045173168 0.371807218 0.005109032 0.999869108 -0.015352259 -0.012459740 -0.045099538 0.015567230 0.998861313 3.305439711
0.997992635 -0.003943438 0.063205987 0.389949799 0.004901975 0.999875188 -0.015017384 -0.009723585 -0.063138872 0.015297074 0.997887552 3.346081495
0.995808899 -0.004730250 0.091335371 0.400454521 0.005643764 0.999936521 -0.009746052 -0.017246788 -0.091283508 0.010220679 0.995772541 3.400249004
0.993272662 -0.005284719 0.115678176 0.418961644 0.006321192 0.999943018 -0.008594943 -0.016698968 -0.115626194 0.009268347 0.993249595 3.445755720
0.989659965 -0.006589661 0.143281490 0.433955610 0.008333074 0.999898314 -0.011571066 -0.010588069 -0.143190697 0.012645397 0.989614367 3.503491640
