[LEFT_CAM_2K]
cx = 1165.84
cy = 661.068
fx = 1400.05
fy = 1400.05
k1 = -0.171686
k2 = 0.0275425


[LEFT_CAM_FHD]
cx = 1021.84
cy = 580.068
fx = 1400.05
fy = 1400.05
k1 = -0.171686
k2 = 0.0275425


[LEFT_CAM_HD]
cx = 669.418
cy = 378.534
fx = 700.023
fy = 700.023
k1 = -0.171686
k2 = 0.0275425


[LEFT_CAM_VGA]
cx = 349.709
cy = 196.267
fx = 350.012
fy = 350.012
k1 = -0.171686
k2 = 0.0275425


[RIGHT_CAM_2K]
cx = 1199.03
cy = 681.114
fx = 1392.7
fy = 1392.7
k1 = -0.157333
k2 = 0.0160962


[RIGHT_CAM_FHD]
cx = 1055.03
cy = 600.114
fx = 1392.7
fy = 1392.7
k1 = -0.157333
k2 = 0.0160962


[RIGHT_CAM_HD]
cx = 686.013
cy = 388.557
fx = 696.351
fy = 696.351
k1 = -0.157333
k2 = 0.0160962


[RIGHT_CAM_VGA]
cx = 358.007
cy = 201.278
fx = 348.175
fy = 348.175
k1 = -0.157333
k2 = 0.0160962


[STEREO]
BaseLine = 120.066
CV_2K = -0.00451712
CV_FHD = -0.00451712
CV_HD = -0.00451712
CV_VGA = -0.00451712
RX_2K = -0.00425903
RX_FHD = -0.00425903
RX_HD = -0.00425903
RX_VGA = -0.00425903
RZ_2K = -0.000819826
RZ_FHD = -0.000819826
RZ_HD = -0.000819826
RZ_VGA = -0.000819826
