image_width: 1920
image_height: 1080
camera_name: narrow_stereo
camera_matrix:
  rows: 3
  cols: 3
  data: [713.749246, 0.000000, 1105.268728, 0.000000, 712.804989, 496.044766, 0.000000, 0.000000, 1.000000]
distortion_model: plumb_bob
distortion_coefficients:
  rows: 1
  cols: 5
  data: [-0.013308, -0.006089, 0.003504, 0.005714, 0.000000]
rectification_matrix:
  rows: 3
  cols: 3
  data: [1.000000, 0.000000, 0.000000, 0.000000, 1.000000, 0.000000, 0.000000, 0.000000, 1.000000]
projection_matrix:
  rows: 3
  cols: 4
  data: [652.952454, 0.000000, 1168.457636, 0.000000, 0.000000, 707.334412, 499.477361, 0.000000, 0.000000, 0.000000, 1.000000, 0.000000]
