# oST version 5.0 parameters


[image]

width
1920

height
1080

[narrow_stereo]

camera matrix
713.749246 0.000000 1105.268728
0.000000 712.804989 496.044766
0.000000 0.000000 1.000000

distortion
-0.013308 -0.006089 0.003504 0.005714 0.000000

rectification
1.000000 0.000000 0.000000
0.000000 1.000000 0.000000
0.000000 0.000000 1.000000

projection
652.952454 0.000000 1168.457636 0.000000
0.000000 707.334412 499.477361 0.000000
0.000000 0.000000 1.000000 0.000000

